# Id Frattura
0
# Id; NumVertices; Vertices; NumEdges; Edges
0; 3; 0; 1; 2; 3; 0; 1; 2
1; 6; 3; 4; 5; 6; 7; 8; 6; 3; 4; 5; 6; 7; 8
2; 4; 9; 10; 11; 4; 4; 9; 10; 11; 12
3; 5; 12; 1; 13; 14; 15; 5; 13; 14; 15; 16; 17
4; 3; 8; 7; 16; 3; 7; 18; 19
5; 4; 2; 17; 13; 0; 4; 20; 21; 22; 2
6; 5; 5; 18; 19; 17; 6; 5; 23; 24; 25; 26; 5
7; 3; 20; 10; 21; 3; 27; 28; 29
8; 4; 22; 23; 24; 4; 4; 30; 31; 32; 33
9; 4; 4; 24; 25; 9; 4; 32; 34; 35; 12
10; 4; 8; 26; 22; 3; 4; 36; 37; 38; 8
11; 3; 15; 27; 12; 3; 39; 40; 17
12; 4; 16; 27; 26; 8; 4; 41; 42; 36; 19
13; 4; 21; 18; 11; 20; 4; 43; 44; 45; 29

# Id Frattura
1
# Id; NumVertices; Vertices; NumEdges; Edges
0; 3; 0; 1; 2; 3; 0; 1; 2
1; 6; 3; 4; 0; 2; 5; 6; 6; 3; 4; 2; 5; 6; 7
2; 3; 6; 7; 3; 3; 8; 9; 7

# Id Frattura
2
# Id; NumVertices; Vertices; NumEdges; Edges
0; 4; 0; 1; 2; 3; 4; 0; 1; 2; 3
1; 5; 4; 5; 6; 7; 8; 5; 4; 5; 6; 7; 8
2; 5; 9; 10; 11; 12; 5; 5; 9; 10; 11; 12; 13
3; 3; 13; 14; 15; 3; 14; 15; 16
4; 4; 1; 16; 10; 2; 4; 17; 18; 19; 1
5; 3; 5; 12; 6; 3; 12; 20; 5
6; 3; 17; 5; 18; 3; 21; 22; 23
7; 4; 8; 13; 15; 4; 4; 24; 16; 25; 8
8; 5; 19; 9; 17; 18; 20; 5; 26; 27; 23; 28; 29
9; 5; 3; 21; 14; 22; 0; 5; 30; 31; 32; 33; 3
10; 3; 20; 21; 19; 3; 34; 35; 29

# Id Frattura
3
# Id; NumVertices; Vertices; NumEdges; Edges
0; 4; 0; 1; 2; 3; 4; 0; 1; 2; 3
1; 4; 4; 5; 6; 7; 4; 4; 5; 6; 7
2; 7; 8; 9; 10; 11; 12; 13; 14; 7; 8; 9; 10; 11; 12; 13; 14
3; 7; 15; 16; 17; 18; 19; 20; 21; 7; 15; 16; 17; 18; 19; 20; 21
4; 3; 10; 2; 11; 3; 22; 23; 10
5; 4; 22; 0; 3; 23; 4; 24; 3; 25; 26
6; 3; 24; 12; 25; 3; 27; 28; 29
7; 3; 19; 1; 20; 3; 30; 31; 19
8; 3; 17; 26; 18; 3; 32; 33; 17
9; 4; 25; 26; 13; 24; 4; 34; 35; 36; 29
10; 3; 7; 16; 4; 3; 37; 38; 7
11; 3; 21; 27; 15; 3; 39; 40; 21
12; 5; 23; 28; 5; 27; 22; 5; 41; 42; 43; 44; 26
13; 3; 14; 29; 8; 3; 45; 46; 14

# Id Frattura
4
# Id; NumVertices; Vertices; NumEdges; Edges
0; 4; 0; 1; 2; 3; 4; 0; 1; 2; 3
1; 5; 4; 5; 6; 7; 8; 5; 4; 5; 6; 7; 8
2; 4; 9; 10; 6; 11; 4; 9; 10; 11; 12
3; 5; 12; 13; 14; 15; 16; 5; 13; 14; 15; 16; 17
4; 4; 1; 17; 18; 2; 4; 18; 19; 20; 1
5; 4; 19; 20; 17; 21; 4; 21; 22; 23; 24
6; 4; 3; 9; 11; 0; 4; 25; 12; 26; 3
7; 3; 8; 15; 4; 3; 27; 28; 8
8; 3; 13; 5; 14; 3; 29; 30; 14
9; 4; 16; 19; 21; 12; 4; 31; 24; 32; 17

# Id Frattura
5
# Id; NumVertices; Vertices; NumEdges; Edges
0; 4; 0; 1; 2; 3; 4; 0; 1; 2; 3
1; 5; 4; 5; 0; 3; 6; 5; 4; 5; 3; 6; 7
2; 3; 7; 8; 5; 3; 8; 9; 10
3; 4; 6; 9; 7; 4; 4; 11; 12; 13; 7

# Id Frattura
6
# Id; NumVertices; Vertices; NumEdges; Edges
0; 3; 0; 1; 2; 3; 0; 1; 2
1; 4; 3; 4; 5; 6; 4; 3; 4; 5; 6
2; 5; 7; 0; 2; 8; 9; 5; 7; 2; 8; 9; 10
3; 4; 5; 10; 1; 11; 4; 11; 12; 13; 14
4; 4; 12; 3; 13; 14; 4; 15; 16; 17; 18
5; 5; 15; 16; 17; 18; 19; 5; 19; 20; 21; 22; 23
6; 4; 6; 11; 13; 3; 4; 24; 25; 16; 6
7; 5; 20; 21; 22; 4; 3; 5; 26; 27; 28; 3; 29
8; 3; 17; 21; 18; 3; 30; 31; 21
9; 3; 14; 20; 12; 3; 32; 33; 18
10; 4; 19; 7; 9; 15; 4; 34; 10; 35; 23

# Id Frattura
7
# Id; NumVertices; Vertices; NumEdges; Edges
0; 4; 0; 1; 2; 3; 4; 0; 1; 2; 3
1; 3; 4; 5; 6; 3; 4; 5; 6
2; 4; 7; 8; 9; 10; 4; 7; 8; 9; 10
3; 5; 7; 5; 11; 12; 13; 5; 11; 12; 13; 14; 15
4; 4; 14; 15; 16; 17; 4; 16; 17; 18; 19
5; 4; 8; 18; 15; 9; 4; 20; 21; 22; 8
6; 4; 12; 19; 1; 20; 4; 23; 24; 25; 26
7; 5; 21; 22; 6; 5; 23; 5; 27; 28; 5; 29; 30
8; 4; 24; 0; 3; 25; 4; 31; 3; 32; 33
9; 5; 6; 26; 27; 28; 4; 5; 34; 35; 36; 37; 6
10; 4; 11; 28; 19; 12; 4; 38; 39; 23; 13
11; 4; 29; 12; 20; 24; 4; 40; 26; 41; 42
12; 3; 22; 26; 6; 3; 43; 34; 28
13; 3; 10; 5; 7; 3; 44; 11; 10
14; 3; 13; 30; 7; 3; 45; 46; 15
15; 5; 23; 14; 17; 31; 21; 5; 47; 19; 48; 49; 30
16; 3; 25; 32; 24; 3; 50; 51; 33
17; 5; 33; 29; 24; 32; 34; 5; 52; 42; 51; 53; 54
18; 4; 34; 18; 30; 33; 4; 55; 56; 57; 54

# Id Frattura
8
# Id; NumVertices; Vertices; NumEdges; Edges
0; 4; 0; 1; 2; 3; 4; 0; 1; 2; 3
1; 5; 4; 5; 6; 7; 8; 5; 4; 5; 6; 7; 8
2; 5; 9; 10; 11; 12; 13; 5; 9; 10; 11; 12; 13
3; 4; 1; 14; 15; 2; 4; 14; 15; 16; 1
4; 4; 16; 17; 18; 19; 4; 17; 18; 19; 20
5; 4; 20; 0; 3; 21; 4; 21; 3; 22; 23
6; 4; 22; 7; 23; 19; 4; 24; 25; 26; 27
7; 3; 17; 24; 18; 3; 28; 29; 18
8; 4; 25; 15; 10; 5; 4; 30; 31; 32; 33
9; 3; 13; 6; 9; 3; 34; 35; 13
10; 5; 8; 26; 24; 25; 4; 5; 36; 37; 38; 39; 8
11; 4; 19; 23; 27; 16; 4; 26; 40; 41; 20
12; 4; 21; 27; 28; 20; 4; 42; 43; 44; 23
13; 3; 19; 26; 22; 3; 45; 46; 27

# Id Frattura
9
# Id; NumVertices; Vertices; NumEdges; Edges
0; 3; 0; 1; 2; 3; 0; 1; 2
1; 3; 3; 4; 5; 3; 3; 4; 5
2; 5; 6; 7; 8; 9; 10; 5; 6; 7; 8; 9; 10
3; 5; 11; 3; 5; 12; 13; 5; 11; 5; 12; 13; 14
4; 4; 2; 14; 7; 0; 4; 15; 16; 17; 2
5; 4; 10; 4; 1; 6; 4; 18; 19; 20; 10
6; 4; 13; 15; 14; 11; 4; 21; 22; 23; 14

