# Id Frattura
0
# Id; NumVertices; Vertices; NumEdges; Edges
0; 5; 0; 1; 2; 3; 4; 5; 0; 1; 2; 3; 4
1; 6; 5; 6; 1; 0; 7; 8; 6; 5; 6; 0; 7; 8; 9
2; 5; 9; 6; 5; 10; 11; 5; 10; 5; 11; 12; 13
3; 7; 12; 2; 1; 6; 9; 13; 14; 7; 14; 1; 6; 10; 15; 16; 17
4; 4; 4; 15; 7; 0; 4; 18; 19; 7; 4
5; 3; 14; 16; 12; 3; 20; 21; 17
6; 4; 11; 17; 13; 9; 4; 22; 23; 15; 13
7; 3; 8; 10; 5; 3; 24; 11; 9

# Id Frattura
1
# Id; NumVertices; Vertices; NumEdges; Edges
0; 4; 0; 1; 2; 3; 4; 0; 1; 2; 3
1; 11; 4; 5; 6; 7; 8; 9; 10; 11; 12; 13; 14; 11; 4; 5; 6; 7; 8; 9; 10; 11; 12; 13; 14
2; 4; 11; 10; 15; 16; 4; 10; 15; 16; 17
3; 3; 17; 18; 19; 3; 18; 19; 20
4; 8; 20; 21; 22; 23; 24; 25; 26; 27; 8; 21; 22; 23; 24; 25; 26; 27; 28
5; 5; 28; 29; 30; 25; 24; 5; 29; 30; 31; 25; 32
6; 3; 21; 31; 22; 3; 33; 34; 22
7; 9; 32; 33; 34; 35; 5; 4; 36; 37; 38; 9; 35; 36; 37; 38; 4; 39; 40; 41; 42
8; 6; 39; 40; 41; 6; 5; 35; 6; 43; 44; 45; 5; 38; 46
9; 5; 42; 37; 36; 1; 0; 5; 47; 40; 48; 0; 49
10; 5; 33; 43; 44; 45; 34; 5; 50; 51; 52; 53; 36
11; 3; 10; 9; 15; 3; 9; 54; 15
12; 5; 46; 47; 48; 45; 44; 5; 55; 56; 57; 52; 58
13; 3; 47; 49; 48; 3; 59; 60; 56
14; 7; 42; 50; 51; 52; 53; 38; 37; 7; 61; 62; 63; 64; 65; 41; 47
15; 5; 16; 18; 17; 12; 11; 5; 66; 18; 67; 11; 17
16; 4; 30; 54; 26; 25; 4; 68; 69; 26; 31
17; 5; 41; 55; 56; 7; 6; 5; 70; 71; 72; 6; 45
18; 3; 44; 43; 46; 3; 51; 73; 58
19; 3; 53; 52; 57; 3; 64; 74; 75
20; 5; 4; 14; 2; 1; 36; 5; 14; 76; 1; 48; 39
21; 5; 0; 3; 58; 50; 42; 5; 3; 77; 78; 61; 49
22; 3; 40; 55; 41; 3; 79; 70; 44
23; 6; 35; 34; 45; 48; 49; 39; 6; 37; 53; 57; 60; 80; 46
24; 5; 19; 59; 13; 12; 17; 5; 81; 82; 12; 67; 20
25; 5; 27; 8; 7; 56; 20; 5; 83; 7; 72; 84; 28
26; 4; 23; 22; 31; 60; 4; 23; 34; 85; 86
27; 3; 29; 54; 30; 3; 87; 68; 30
28; 5; 24; 23; 60; 61; 28; 5; 24; 86; 88; 89; 32
29; 4; 38; 53; 57; 32; 4; 65; 75; 90; 42

# Id Frattura
2
# Id; NumVertices; Vertices; NumEdges; Edges
0; 5; 0; 1; 2; 3; 4; 5; 0; 1; 2; 3; 4
1; 6; 3; 2; 5; 6; 7; 8; 6; 2; 5; 6; 7; 8; 9
2; 4; 1; 9; 5; 2; 4; 10; 11; 5; 1
3; 4; 4; 10; 11; 0; 4; 12; 13; 14; 4
4; 4; 7; 6; 12; 13; 4; 7; 15; 16; 17
5; 5; 13; 14; 15; 8; 7; 5; 18; 19; 20; 8; 17
6; 5; 8; 15; 10; 4; 3; 5; 20; 21; 12; 3; 9

# Id Frattura
3
# Id; NumVertices; Vertices; NumEdges; Edges
0; 8; 0; 1; 2; 3; 4; 5; 6; 7; 8; 0; 1; 2; 3; 4; 5; 6; 7
1; 8; 8; 9; 10; 11; 12; 13; 3; 2; 8; 8; 9; 10; 11; 12; 13; 2; 14
2; 8; 14; 15; 16; 17; 18; 19; 20; 21; 8; 15; 16; 17; 18; 19; 20; 21; 22
3; 10; 22; 23; 4; 3; 13; 24; 25; 26; 27; 28; 10; 23; 24; 3; 13; 25; 26; 27; 28; 29; 30
4; 4; 29; 30; 7; 6; 4; 31; 32; 6; 33
5; 4; 31; 32; 12; 11; 4; 34; 35; 11; 36
6; 3; 33; 34; 35; 3; 37; 38; 39
7; 4; 26; 25; 36; 37; 4; 27; 40; 41; 42
8; 4; 19; 38; 39; 20; 4; 43; 44; 45; 20
9; 8; 40; 41; 15; 14; 5; 4; 23; 42; 8; 46; 47; 15; 48; 4; 24; 49; 50
10; 3; 37; 27; 26; 3; 51; 28; 42
11; 5; 43; 17; 16; 44; 45; 5; 52; 17; 53; 54; 55
12; 6; 46; 47; 48; 38; 19; 18; 6; 56; 57; 58; 43; 19; 59
13; 5; 42; 35; 34; 49; 40; 5; 60; 38; 61; 62; 50
14; 4; 16; 15; 41; 44; 4; 16; 47; 63; 53
15; 3; 50; 51; 52; 3; 64; 65; 66
16; 3; 22; 28; 53; 3; 30; 67; 68
17; 4; 8; 2; 1; 54; 4; 14; 1; 69; 70
18; 3; 55; 48; 47; 3; 71; 57; 72
19; 3; 54; 9; 8; 3; 73; 8; 70
20; 5; 21; 29; 6; 5; 14; 5; 74; 33; 5; 48; 22
21; 10; 56; 57; 58; 59; 51; 50; 46; 18; 17; 43; 10; 75; 76; 77; 78; 64; 79; 59; 18; 52; 80
22; 4; 60; 61; 57; 56; 4; 81; 82; 75; 83
23; 3; 61; 58; 57; 3; 84; 76; 82
24; 4; 32; 24; 13; 12; 4; 85; 25; 12; 35
25; 4; 56; 43; 45; 60; 4; 80; 55; 86; 83
26; 3; 7; 30; 0; 3; 32; 87; 7
27; 3; 11; 10; 31; 3; 10; 88; 36
28; 6; 53; 33; 35; 42; 23; 22; 6; 89; 39; 60; 49; 23; 68
29; 5; 52; 55; 47; 46; 50; 5; 90; 72; 56; 79; 66

# Id Frattura
4
# Id; NumVertices; Vertices; NumEdges; Edges
0; 8; 0; 1; 2; 3; 4; 5; 6; 7; 8; 0; 1; 2; 3; 4; 5; 6; 7
1; 5; 8; 9; 10; 11; 12; 5; 8; 9; 10; 11; 12
2; 4; 13; 14; 15; 16; 4; 13; 14; 15; 16
3; 3; 17; 18; 19; 3; 17; 18; 19
4; 9; 4; 3; 20; 21; 11; 10; 22; 23; 24; 9; 3; 20; 21; 22; 10; 23; 24; 25; 26
5; 3; 25; 26; 27; 3; 27; 28; 29
6; 5; 8; 12; 28; 29; 30; 5; 12; 30; 31; 32; 33
7; 7; 31; 32; 20; 3; 2; 33; 34; 7; 34; 35; 20; 2; 36; 37; 38
8; 6; 14; 35; 18; 17; 36; 15; 6; 39; 40; 17; 41; 42; 14
9; 4; 32; 31; 37; 38; 4; 34; 43; 44; 45
10; 4; 5; 4; 24; 39; 4; 4; 26; 46; 47
11; 8; 40; 41; 42; 43; 28; 12; 11; 21; 8; 48; 49; 50; 51; 30; 11; 22; 52
12; 3; 39; 6; 5; 3; 53; 5; 47
13; 3; 31; 34; 37; 3; 38; 54; 43
14; 4; 44; 29; 28; 43; 4; 55; 31; 51; 56
15; 4; 19; 45; 36; 17; 4; 57; 58; 41; 19
16; 4; 46; 44; 43; 42; 4; 59; 56; 50; 60
17; 3; 0; 7; 47; 3; 7; 61; 62
18; 5; 38; 40; 21; 20; 32; 5; 63; 52; 21; 35; 45
19; 3; 42; 41; 46; 3; 49; 64; 60
20; 4; 30; 48; 9; 8; 4; 65; 66; 8; 33
21; 4; 16; 25; 27; 13; 4; 67; 29; 68; 16
22; 9; 1; 0; 47; 35; 14; 13; 27; 26; 49; 9; 0; 62; 69; 39; 13; 68; 28; 70; 71
23; 4; 49; 33; 2; 1; 4; 72; 36; 1; 71

# Id Frattura
5
# Id; NumVertices; Vertices; NumEdges; Edges
0; 4; 0; 1; 2; 3; 4; 0; 1; 2; 3
1; 3; 4; 5; 6; 3; 4; 5; 6
2; 10; 7; 8; 9; 10; 11; 12; 13; 6; 5; 14; 10; 7; 8; 9; 10; 11; 12; 13; 5; 14; 15
3; 3; 15; 16; 17; 3; 16; 17; 18
4; 5; 18; 0; 3; 19; 20; 5; 19; 3; 20; 21; 22
5; 10; 21; 2; 1; 22; 9; 8; 23; 24; 25; 26; 10; 23; 1; 24; 25; 8; 26; 27; 28; 29; 30
6; 4; 12; 11; 27; 28; 4; 11; 31; 32; 33
7; 6; 29; 10; 9; 22; 30; 31; 6; 34; 9; 25; 35; 36; 37
8; 6; 22; 1; 0; 18; 32; 30; 6; 24; 0; 19; 38; 39; 35
9; 3; 20; 32; 18; 3; 40; 38; 22
10; 6; 7; 14; 33; 34; 24; 23; 6; 15; 41; 42; 43; 27; 44
11; 6; 29; 35; 36; 27; 11; 10; 6; 45; 46; 47; 31; 10; 34
12; 4; 28; 37; 13; 12; 4; 48; 49; 12; 33
13; 7; 4; 38; 16; 15; 33; 14; 5; 7; 50; 51; 16; 52; 41; 14; 4
14; 5; 17; 39; 34; 33; 15; 5; 53; 54; 42; 52; 18
15; 5; 6; 13; 37; 38; 4; 5; 13; 49; 55; 50; 6
16; 3; 23; 8; 7; 3; 26; 7; 44
17; 4; 35; 29; 31; 40; 4; 45; 37; 56; 57
18; 3; 40; 36; 35; 3; 58; 46; 57
19; 3; 26; 41; 21; 3; 59; 60; 30

# Id Frattura
6
# Id; NumVertices; Vertices; NumEdges; Edges
0; 5; 0; 1; 2; 3; 4; 5; 0; 1; 2; 3; 4
1; 6; 3; 2; 5; 6; 7; 8; 6; 2; 5; 6; 7; 8; 9
2; 5; 9; 4; 3; 8; 10; 5; 10; 3; 9; 11; 12
3; 4; 10; 11; 12; 9; 4; 13; 14; 15; 12
4; 3; 1; 5; 2; 3; 16; 5; 1
5; 5; 4; 9; 12; 13; 0; 5; 10; 15; 17; 18; 4

# Id Frattura
7
# Id; NumVertices; Vertices; NumEdges; Edges
0; 9; 0; 1; 2; 3; 4; 5; 6; 7; 8; 9; 0; 1; 2; 3; 4; 5; 6; 7; 8
1; 9; 9; 10; 5; 4; 11; 12; 13; 14; 15; 9; 9; 10; 4; 11; 12; 13; 14; 15; 16
2; 4; 16; 17; 18; 19; 4; 17; 18; 19; 20
3; 3; 20; 21; 22; 3; 21; 22; 23
4; 6; 23; 13; 12; 20; 22; 24; 6; 24; 13; 25; 23; 26; 27
5; 7; 25; 26; 27; 28; 6; 5; 10; 7; 28; 29; 30; 31; 5; 10; 32
6; 5; 28; 29; 30; 7; 6; 5; 33; 34; 35; 6; 31
7; 3; 2; 1; 31; 3; 1; 36; 37
8; 6; 17; 11; 4; 3; 32; 18; 6; 38; 11; 3; 39; 40; 18
9; 3; 27; 29; 28; 3; 41; 33; 30
10; 4; 33; 34; 26; 25; 4; 42; 43; 28; 44
11; 7; 16; 35; 21; 20; 12; 11; 17; 7; 45; 46; 21; 25; 12; 38; 17
12; 6; 36; 34; 33; 37; 38; 39; 6; 47; 42; 48; 49; 50; 51
13; 6; 37; 33; 25; 10; 9; 40; 6; 48; 44; 32; 9; 52; 53
14; 3; 23; 24; 41; 3; 27; 54; 55
15; 4; 31; 32; 3; 2; 4; 56; 39; 2; 37
16; 5; 42; 40; 9; 15; 43; 5; 57; 52; 16; 58; 59
17; 3; 39; 44; 36; 3; 60; 61; 51
18; 5; 40; 42; 45; 38; 37; 5; 57; 62; 63; 49; 53
19; 4; 41; 14; 13; 23; 4; 64; 14; 24; 55
20; 3; 19; 35; 16; 3; 65; 45; 20
21; 3; 8; 46; 0; 3; 66; 67; 8
22; 4; 43; 47; 45; 42; 4; 68; 69; 62; 59

# Id Frattura
8
# Id; NumVertices; Vertices; NumEdges; Edges
0; 7; 0; 1; 2; 3; 4; 5; 6; 7; 0; 1; 2; 3; 4; 5; 6
1; 3; 4; 7; 5; 3; 7; 8; 4
2; 6; 8; 2; 1; 9; 10; 11; 6; 9; 1; 10; 11; 12; 13
3; 4; 12; 0; 6; 13; 4; 14; 6; 15; 16
4; 3; 8; 11; 14; 3; 13; 17; 18
5; 3; 13; 15; 12; 3; 19; 20; 16
6; 4; 14; 3; 2; 8; 4; 21; 2; 9; 18

# Id Frattura
9
# Id; NumVertices; Vertices; NumEdges; Edges
0; 9; 0; 1; 2; 3; 4; 5; 6; 7; 8; 9; 0; 1; 2; 3; 4; 5; 6; 7; 8
1; 5; 9; 10; 11; 12; 13; 5; 9; 10; 11; 12; 13
2; 7; 14; 15; 16; 17; 13; 12; 18; 7; 14; 15; 16; 17; 12; 18; 19
3; 6; 19; 20; 21; 22; 23; 24; 6; 20; 21; 22; 23; 24; 25
4; 4; 25; 26; 27; 28; 4; 26; 27; 28; 29
5; 3; 22; 29; 23; 3; 30; 31; 23
6; 3; 24; 30; 19; 3; 32; 33; 25
7; 4; 31; 32; 3; 2; 4; 34; 35; 2; 36
8; 6; 7; 6; 20; 19; 30; 33; 6; 6; 37; 20; 33; 38; 39
9; 4; 26; 34; 35; 27; 4; 40; 41; 42; 27
10; 7; 9; 36; 37; 38; 5; 4; 10; 7; 43; 44; 45; 46; 4; 47; 9
11; 3; 28; 39; 25; 3; 48; 49; 29
12; 5; 16; 40; 41; 42; 17; 5; 50; 51; 52; 53; 16
13; 9; 43; 8; 7; 33; 39; 28; 27; 35; 44; 9; 54; 7; 39; 55; 48; 28; 42; 56; 57
14; 5; 5; 38; 21; 20; 6; 5; 46; 58; 21; 37; 5
15; 5; 13; 17; 42; 36; 9; 5; 17; 53; 59; 43; 13
16; 4; 45; 46; 15; 14; 4; 60; 61; 14; 62
17; 4; 8; 43; 47; 0; 4; 54; 63; 64; 8
18; 5; 32; 11; 10; 4; 3; 5; 65; 10; 47; 3; 35
19; 4; 46; 40; 16; 15; 4; 66; 50; 15; 61
20; 3; 2; 1; 31; 3; 1; 67; 36
21; 3; 14; 18; 45; 3; 19; 68; 62
22; 3; 44; 47; 43; 3; 69; 63; 57

# Id Frattura
10
# Id; NumVertices; Vertices; NumEdges; Edges
0; 4; 0; 1; 2; 3; 4; 0; 1; 2; 3
1; 5; 4; 5; 6; 7; 8; 5; 4; 5; 6; 7; 8
2; 4; 9; 10; 11; 12; 4; 9; 10; 11; 12
3; 5; 13; 14; 15; 16; 17; 5; 13; 14; 15; 16; 17
4; 7; 18; 14; 13; 19; 20; 21; 22; 7; 18; 13; 19; 20; 21; 22; 23
5; 3; 20; 23; 21; 3; 24; 25; 21
6; 4; 24; 25; 26; 27; 4; 26; 27; 28; 29
7; 7; 28; 29; 30; 19; 13; 17; 31; 7; 30; 31; 32; 19; 17; 33; 34
8; 6; 32; 33; 34; 35; 36; 37; 6; 35; 36; 37; 38; 39; 40
9; 5; 25; 38; 39; 40; 26; 5; 41; 42; 43; 44; 27
10; 5; 41; 42; 7; 6; 43; 5; 45; 46; 6; 47; 48
11; 6; 34; 44; 45; 46; 47; 35; 6; 49; 50; 51; 52; 53; 37
12; 5; 29; 28; 48; 49; 50; 5; 30; 54; 55; 56; 57
13; 9; 41; 51; 52; 39; 38; 53; 1; 0; 42; 9; 58; 59; 60; 42; 61; 62; 0; 63; 45
14; 5; 54; 55; 9; 12; 56; 5; 64; 65; 12; 66; 67
15; 8; 3; 2; 53; 38; 25; 24; 57; 58; 8; 2; 68; 61; 41; 26; 69; 70; 71
16; 5; 37; 36; 59; 60; 61; 5; 39; 72; 73; 74; 75
17; 3; 1; 53; 2; 3; 62; 68; 1
18; 5; 62; 57; 24; 27; 63; 5; 76; 69; 29; 77; 78
19; 6; 51; 41; 43; 64; 65; 66; 6; 58; 48; 79; 80; 81; 82
20; 10; 5; 4; 67; 49; 48; 31; 17; 16; 65; 64; 10; 4; 83; 84; 55; 85; 33; 16; 86; 80; 87
21; 3; 11; 10; 68; 3; 10; 88; 89
22; 10; 3; 58; 47; 46; 54; 56; 8; 7; 42; 0; 10; 71; 90; 52; 91; 67; 92; 7; 46; 63; 3
23; 4; 5; 64; 43; 6; 4; 87; 79; 47; 5
24; 5; 62; 63; 69; 60; 59; 5; 78; 93; 94; 73; 95
25; 7; 8; 56; 12; 11; 68; 67; 4; 7; 92; 66; 11; 89; 96; 83; 8
26; 4; 44; 34; 33; 70; 4; 49; 36; 97; 98
27; 3; 70; 45; 44; 3; 99; 50; 98
28; 3; 66; 52; 51; 3; 100; 59; 82
29; 3; 50; 30; 29; 3; 101; 31; 57
30; 3; 37; 61; 32; 3; 75; 102; 40
31; 7; 59; 36; 35; 47; 58; 57; 62; 7; 72; 38; 53; 90; 70; 76; 95
32; 3; 18; 22; 71; 3; 23; 103; 104
33; 4; 71; 15; 14; 18; 4; 105; 14; 18; 104
34; 3; 31; 48; 28; 3; 85; 54; 34

# Id Frattura
11
# Id; NumVertices; Vertices; NumEdges; Edges
0; 6; 0; 1; 2; 3; 4; 5; 6; 0; 1; 2; 3; 4; 5
1; 6; 6; 7; 8; 9; 10; 11; 6; 6; 7; 8; 9; 10; 11
2; 4; 12; 3; 2; 13; 4; 12; 2; 13; 14
3; 4; 14; 15; 16; 17; 4; 15; 16; 17; 18
4; 4; 18; 19; 20; 21; 4; 19; 20; 21; 22
5; 3; 19; 22; 20; 3; 23; 24; 20
6; 9; 4; 3; 12; 23; 24; 8; 7; 25; 26; 9; 3; 12; 25; 26; 27; 7; 28; 29; 30
7; 5; 25; 7; 6; 27; 28; 5; 28; 6; 31; 32; 33
8; 5; 29; 1; 0; 30; 31; 5; 34; 0; 35; 36; 37
9; 4; 31; 32; 33; 29; 4; 38; 39; 40; 37
10; 6; 9; 8; 24; 16; 15; 34; 6; 8; 27; 41; 16; 42; 43
11; 5; 28; 35; 36; 26; 25; 5; 44; 45; 46; 29; 33
12; 3; 34; 10; 9; 3; 47; 9; 43
13; 3; 11; 27; 6; 3; 48; 31; 11
14; 3; 5; 30; 0; 3; 49; 35; 5
15; 7; 26; 36; 32; 31; 30; 5; 4; 7; 46; 50; 38; 36; 49; 4; 30
16; 3; 17; 37; 14; 3; 51; 52; 18
17; 5; 21; 23; 12; 13; 18; 5; 53; 25; 14; 54; 22

# Id Frattura
12
# Id; NumVertices; Vertices; NumEdges; Edges
0; 7; 0; 1; 2; 3; 4; 5; 6; 7; 0; 1; 2; 3; 4; 5; 6
1; 5; 7; 8; 9; 10; 11; 5; 7; 8; 9; 10; 11
2; 3; 12; 13; 14; 3; 12; 13; 14
3; 5; 15; 16; 1; 0; 17; 5; 15; 16; 0; 17; 18
4; 8; 6; 18; 19; 8; 7; 20; 17; 0; 8; 19; 20; 21; 7; 22; 23; 17; 6
5; 4; 16; 21; 2; 1; 4; 24; 25; 1; 16
6; 4; 22; 23; 24; 25; 4; 26; 27; 28; 29
7; 5; 12; 4; 3; 26; 13; 5; 30; 3; 31; 32; 12
8; 4; 9; 8; 19; 27; 4; 8; 21; 33; 34
9; 5; 5; 4; 12; 14; 28; 5; 4; 30; 14; 35; 36
10; 3; 27; 10; 9; 3; 37; 9; 34
11; 5; 11; 22; 25; 20; 7; 5; 38; 29; 39; 22; 11
12; 4; 28; 18; 6; 5; 4; 40; 19; 5; 36
13; 6; 17; 20; 25; 24; 29; 15; 6; 23; 39; 28; 41; 42; 18

# Id Frattura
13
# Id; NumVertices; Vertices; NumEdges; Edges
0; 6; 0; 1; 2; 3; 4; 5; 6; 0; 1; 2; 3; 4; 5
1; 7; 6; 7; 8; 9; 10; 11; 12; 7; 6; 7; 8; 9; 10; 11; 12
2; 3; 8; 7; 13; 3; 7; 13; 14
3; 5; 14; 15; 16; 17; 18; 5; 15; 16; 17; 18; 19
4; 5; 19; 20; 21; 4; 3; 5; 20; 21; 22; 3; 23
5; 3; 20; 22; 21; 3; 24; 25; 21
6; 3; 23; 24; 25; 3; 26; 27; 28
7; 4; 26; 19; 3; 2; 4; 29; 23; 2; 30
8; 4; 27; 28; 29; 30; 4; 31; 32; 33; 34
9; 5; 31; 32; 33; 34; 35; 5; 35; 36; 37; 38; 39
10; 5; 33; 9; 8; 13; 34; 5; 40; 8; 14; 41; 37
11; 5; 14; 36; 27; 30; 15; 5; 42; 43; 34; 44; 15
12; 4; 2; 1; 37; 26; 4; 1; 45; 46; 30
13; 5; 38; 37; 1; 0; 39; 5; 47; 45; 0; 48; 49
14; 12; 5; 40; 41; 12; 11; 16; 15; 30; 29; 42; 39; 0; 12; 50; 51; 52; 11; 53; 16; 44; 33; 54; 55; 48; 5
15; 3; 12; 41; 6; 3; 52; 56; 12
16; 7; 16; 11; 10; 32; 31; 43; 17; 7; 53; 10; 57; 35; 58; 59; 17
17; 4; 32; 10; 9; 33; 4; 57; 9; 40; 36
18; 3; 18; 36; 14; 3; 60; 42; 19
19; 3; 39; 42; 38; 3; 55; 61; 49
20; 5; 35; 23; 25; 43; 31; 5; 62; 28; 63; 58; 39

# Id Frattura
14
# Id; NumVertices; Vertices; NumEdges; Edges
0; 4; 0; 1; 2; 3; 4; 0; 1; 2; 3
1; 5; 4; 5; 6; 7; 8; 5; 4; 5; 6; 7; 8
2; 8; 9; 10; 11; 12; 13; 14; 15; 16; 8; 9; 10; 11; 12; 13; 14; 15; 16
3; 3; 17; 18; 19; 3; 17; 18; 19
4; 5; 20; 21; 22; 23; 24; 5; 20; 21; 22; 23; 24
5; 7; 25; 26; 27; 10; 9; 28; 29; 7; 25; 26; 27; 9; 28; 29; 30
6; 5; 30; 31; 32; 33; 34; 5; 31; 32; 33; 34; 35
7; 4; 35; 36; 37; 38; 4; 36; 37; 38; 39
8; 3; 39; 40; 41; 3; 40; 41; 42
9; 5; 42; 2; 1; 43; 44; 5; 43; 1; 44; 45; 46
10; 6; 45; 3; 2; 42; 46; 47; 6; 47; 2; 43; 48; 49; 50
11; 8; 48; 49; 50; 51; 52; 53; 54; 55; 8; 51; 52; 53; 54; 55; 56; 57; 58
12; 4; 34; 33; 56; 57; 4; 34; 59; 60; 61
13; 5; 27; 58; 59; 11; 10; 5; 62; 63; 64; 10; 27
14; 3; 5; 60; 6; 3; 65; 66; 5
15; 6; 53; 52; 21; 20; 61; 62; 6; 55; 67; 20; 68; 69; 70
16; 3; 62; 54; 53; 3; 71; 56; 70
17; 3; 44; 46; 42; 3; 72; 48; 46
18; 4; 8; 23; 22; 4; 4; 73; 22; 74; 8
19; 3; 24; 61; 20; 3; 75; 68; 24
20; 9; 47; 60; 5; 4; 22; 21; 52; 51; 45; 9; 76; 65; 4; 74; 21; 67; 54; 77; 50
21; 7; 31; 13; 12; 38; 37; 63; 32; 7; 78; 12; 79; 38; 80; 81; 32
22; 3; 64; 36; 35; 3; 82; 36; 83
23; 3; 65; 66; 67; 3; 84; 85; 86
24; 5; 19; 39; 41; 68; 17; 5; 87; 42; 88; 89; 19
25; 8; 69; 70; 57; 56; 43; 1; 0; 71; 8; 90; 91; 60; 92; 44; 0; 93; 94
26; 8; 16; 15; 49; 48; 72; 73; 29; 28; 8; 15; 95; 51; 96; 97; 98; 29; 99
27; 7; 67; 66; 74; 14; 13; 31; 30; 7; 85; 100; 101; 13; 78; 31; 102
28; 6; 3; 45; 51; 50; 71; 0; 6; 47; 77; 53; 103; 93; 3
29; 6; 11; 59; 64; 35; 38; 12; 6; 64; 104; 83; 39; 79; 11
30; 5; 65; 70; 69; 74; 66; 5; 105; 90; 106; 100; 84
31; 3; 16; 28; 9; 3; 99; 28; 16
32; 6; 55; 18; 17; 68; 72; 48; 6; 107; 17; 89; 108; 96; 58
33; 8; 25; 73; 72; 68; 41; 40; 75; 26; 8; 109; 97; 108; 88; 41; 110; 111; 25
34; 6; 67; 30; 34; 57; 70; 65; 6; 102; 35; 61; 91; 105; 86
35; 7; 71; 50; 49; 15; 14; 74; 69; 7; 103; 52; 95; 14; 101; 106; 94
36; 3; 29; 73; 25; 3; 98; 109; 30

# Id Frattura
15
# Id; NumVertices; Vertices; NumEdges; Edges
0; 8; 0; 1; 2; 3; 4; 5; 6; 7; 8; 0; 1; 2; 3; 4; 5; 6; 7
1; 3; 8; 9; 10; 3; 8; 9; 10
2; 3; 11; 12; 13; 3; 11; 12; 13
3; 5; 14; 2; 1; 15; 16; 5; 14; 1; 15; 16; 17
4; 6; 17; 18; 9; 8; 19; 20; 6; 18; 19; 8; 20; 21; 22
5; 5; 21; 22; 3; 2; 14; 5; 23; 24; 2; 14; 25
6; 4; 19; 8; 10; 23; 4; 20; 10; 26; 27
7; 3; 22; 4; 3; 3; 28; 3; 24
8; 8; 24; 25; 26; 27; 7; 6; 28; 29; 8; 29; 30; 31; 32; 6; 33; 34; 35
9; 4; 30; 12; 11; 31; 4; 36; 11; 37; 38
10; 3; 5; 28; 6; 3; 39; 33; 5
11; 6; 26; 25; 31; 11; 13; 32; 6; 30; 40; 37; 13; 41; 42
12; 3; 14; 16; 21; 3; 17; 43; 25
13; 5; 7; 27; 33; 34; 0; 5; 32; 44; 45; 46; 7
14; 6; 31; 25; 24; 35; 36; 30; 6; 40; 29; 47; 48; 49; 38
15; 6; 32; 37; 38; 33; 27; 26; 6; 50; 51; 52; 44; 31; 42
16; 4; 29; 39; 35; 24; 4; 53; 54; 47; 35
17; 5; 20; 34; 33; 38; 17; 5; 55; 45; 52; 56; 22
18; 7; 23; 15; 1; 0; 34; 20; 19; 7; 57; 15; 0; 46; 55; 21; 27

# Id Frattura
16
# Id; NumVertices; Vertices; NumEdges; Edges
0; 8; 0; 1; 2; 3; 4; 5; 6; 7; 8; 0; 1; 2; 3; 4; 5; 6; 7
1; 7; 8; 9; 10; 11; 12; 13; 14; 7; 8; 9; 10; 11; 12; 13; 14
2; 4; 15; 16; 17; 18; 4; 15; 16; 17; 18
3; 3; 19; 20; 21; 3; 19; 20; 21
4; 3; 2; 1; 22; 3; 1; 22; 23
5; 4; 23; 5; 4; 24; 4; 24; 4; 25; 26
6; 5; 25; 26; 27; 28; 29; 5; 27; 28; 29; 30; 31
7; 4; 30; 13; 12; 31; 4; 32; 12; 33; 34
8; 8; 29; 28; 32; 33; 7; 6; 10; 9; 8; 30; 35; 36; 37; 6; 38; 9; 39
9; 4; 22; 34; 3; 2; 4; 40; 41; 2; 23
10; 4; 21; 35; 36; 19; 4; 42; 43; 44; 21
11; 3; 30; 31; 37; 3; 34; 45; 46
12; 9; 37; 16; 15; 38; 39; 40; 14; 13; 30; 9; 47; 15; 48; 49; 50; 51; 13; 32; 46
13; 3; 27; 26; 41; 3; 28; 52; 53
14; 7; 29; 9; 8; 40; 39; 42; 25; 7; 39; 8; 54; 50; 55; 56; 31
15; 3; 14; 40; 8; 3; 51; 54; 14
16; 3; 18; 38; 15; 3; 57; 48; 18
17; 3; 7; 33; 0; 3; 37; 58; 7
18; 6; 23; 24; 20; 19; 36; 43; 6; 26; 59; 19; 44; 60; 61
19; 6; 43; 11; 10; 6; 5; 23; 6; 62; 10; 38; 5; 24; 61
20; 4; 41; 32; 28; 27; 4; 63; 35; 29; 53

# Id Frattura
17
# Id; NumVertices; Vertices; NumEdges; Edges
0; 4; 0; 1; 2; 3; 4; 0; 1; 2; 3
1; 8; 4; 5; 6; 7; 8; 9; 10; 11; 8; 4; 5; 6; 7; 8; 9; 10; 11
2; 5; 12; 13; 14; 15; 16; 5; 12; 13; 14; 15; 16
3; 3; 8; 7; 17; 3; 7; 17; 18
4; 12; 0; 18; 19; 20; 5; 4; 21; 22; 23; 13; 12; 1; 12; 19; 20; 21; 22; 4; 23; 24; 25; 26; 12; 27; 0
5; 4; 24; 6; 5; 20; 4; 28; 5; 22; 29
6; 4; 9; 8; 17; 25; 4; 8; 18; 30; 31
7; 4; 13; 23; 26; 14; 4; 26; 32; 33; 13
8; 4; 21; 4; 11; 27; 4; 23; 11; 34; 35
9; 3; 27; 22; 21; 3; 36; 24; 35
10; 4; 16; 2; 1; 12; 4; 37; 1; 27; 16
11; 3; 3; 18; 0; 3; 38; 19; 3
12; 4; 20; 19; 28; 24; 4; 21; 39; 40; 29
13; 4; 25; 29; 10; 9; 4; 41; 42; 9; 31

# Id Frattura
18
# Id; NumVertices; Vertices; NumEdges; Edges
0; 8; 0; 1; 2; 3; 4; 5; 6; 7; 8; 0; 1; 2; 3; 4; 5; 6; 7
1; 7; 8; 9; 10; 11; 12; 13; 14; 7; 8; 9; 10; 11; 12; 13; 14
2; 4; 15; 16; 17; 18; 4; 15; 16; 17; 18
3; 5; 12; 11; 2; 1; 19; 5; 11; 19; 1; 20; 21
4; 6; 20; 21; 22; 23; 24; 25; 6; 22; 23; 24; 25; 26; 27
5; 6; 26; 27; 28; 29; 14; 13; 6; 28; 29; 30; 31; 13; 32
6; 5; 30; 31; 32; 33; 34; 5; 33; 34; 35; 36; 37
7; 4; 18; 35; 36; 15; 4; 38; 39; 40; 18
8; 6; 37; 38; 23; 22; 39; 40; 6; 41; 42; 24; 43; 44; 45
9; 8; 31; 41; 42; 6; 5; 21; 20; 32; 8; 46; 47; 48; 5; 49; 22; 50; 34
10; 3; 28; 43; 29; 3; 51; 52; 30
11; 4; 7; 6; 42; 44; 4; 6; 48; 53; 54
12; 5; 21; 5; 4; 39; 22; 5; 49; 4; 55; 43; 23
13; 5; 30; 45; 46; 41; 31; 5; 56; 57; 58; 46; 33
14; 4; 13; 12; 19; 26; 4; 12; 21; 59; 32
15; 4; 3; 40; 39; 4; 4; 60; 44; 55; 3
16; 5; 9; 36; 35; 47; 10; 5; 61; 39; 62; 63; 9
17; 3; 38; 24; 23; 3; 64; 25; 42
18; 6; 8; 48; 16; 15; 36; 9; 6; 65; 66; 15; 40; 61; 8
19; 4; 34; 49; 45; 30; 4; 67; 68; 56; 37
20; 5; 14; 29; 43; 48; 8; 5; 31; 52; 69; 65; 14
21; 3; 7; 44; 0; 3; 54; 70; 7
22; 4; 25; 33; 32; 20; 4; 71; 35; 50; 27
23; 7; 40; 3; 2; 11; 10; 47; 37; 7; 60; 2; 19; 10; 63; 72; 45

# Id Frattura
19
# Id; NumVertices; Vertices; NumEdges; Edges
0; 9; 0; 1; 2; 3; 4; 5; 6; 7; 8; 9; 0; 1; 2; 3; 4; 5; 6; 7; 8
1; 4; 9; 7; 6; 10; 4; 9; 6; 10; 11
2; 6; 4; 3; 11; 12; 13; 14; 6; 3; 12; 13; 14; 15; 16
3; 7; 15; 8; 7; 9; 16; 17; 18; 7; 17; 7; 9; 18; 19; 20; 21
4; 6; 19; 20; 11; 3; 2; 21; 6; 22; 23; 12; 2; 24; 25
5; 3; 11; 20; 12; 3; 23; 26; 13
6; 4; 10; 22; 16; 9; 4; 27; 28; 18; 11
7; 3; 18; 23; 15; 3; 29; 30; 21
8; 5; 0; 8; 15; 23; 24; 5; 8; 17; 30; 31; 32
9; 4; 1; 0; 24; 25; 4; 0; 32; 33; 34
10; 3; 14; 5; 4; 3; 35; 4; 16
11; 5; 25; 26; 21; 2; 1; 5; 36; 37; 24; 1; 34
12; 4; 21; 26; 27; 19; 4; 37; 38; 39; 25

# Id Frattura
20
# Id; NumVertices; Vertices; NumEdges; Edges
0; 6; 0; 1; 2; 3; 4; 5; 6; 0; 1; 2; 3; 4; 5
1; 3; 3; 6; 4; 3; 6; 7; 3
2; 5; 0; 5; 7; 8; 9; 5; 5; 8; 9; 10; 11
3; 3; 9; 1; 0; 3; 12; 0; 11

# Id Frattura
21
# Id; NumVertices; Vertices; NumEdges; Edges
0; 3; 0; 1; 2; 3; 0; 1; 2
1; 4; 3; 4; 5; 6; 4; 3; 4; 5; 6
2; 3; 7; 8; 9; 3; 7; 8; 9
3; 3; 10; 11; 12; 3; 10; 11; 12
4; 3; 13; 14; 15; 3; 13; 14; 15
5; 3; 16; 17; 18; 3; 16; 17; 18
6; 6; 19; 20; 21; 22; 23; 24; 6; 19; 20; 21; 22; 23; 24
7; 3; 25; 26; 27; 3; 25; 26; 27
8; 12; 9; 8; 28; 29; 30; 31; 32; 33; 34; 35; 36; 37; 12; 8; 28; 29; 30; 31; 32; 33; 34; 35; 36; 37; 38
9; 6; 38; 39; 40; 41; 42; 43; 6; 39; 40; 41; 42; 43; 44
10; 4; 44; 45; 46; 47; 4; 45; 46; 47; 48
11; 3; 21; 48; 22; 3; 49; 50; 21
12; 5; 49; 35; 34; 50; 51; 5; 51; 35; 52; 53; 54
13; 5; 10; 30; 29; 52; 11; 5; 55; 30; 56; 57; 10
14; 7; 53; 54; 55; 56; 6; 5; 57; 7; 58; 59; 60; 61; 5; 62; 63
15; 3; 55; 58; 56; 3; 64; 65; 60
16; 3; 34; 33; 50; 3; 34; 66; 52
17; 6; 59; 19; 24; 60; 39; 38; 6; 67; 24; 68; 69; 39; 70
18; 4; 45; 61; 62; 46; 4; 71; 72; 73; 46
19; 6; 47; 36; 35; 49; 63; 44; 6; 74; 36; 51; 75; 76; 48
20; 6; 0; 23; 22; 48; 64; 1; 6; 77; 22; 50; 78; 79; 0
21; 4; 59; 38; 43; 65; 4; 70; 44; 80; 81
22; 4; 27; 32; 31; 25; 4; 82; 32; 83; 27
23; 4; 65; 20; 19; 59; 4; 84; 19; 67; 81
24; 10; 28; 8; 7; 66; 2; 1; 64; 16; 18; 67; 10; 28; 7; 85; 86; 1; 79; 87; 18; 88; 89
25; 11; 2; 66; 37; 36; 47; 46; 62; 60; 24; 23; 0; 11; 86; 90; 37; 74; 47; 73; 91; 68; 23; 77; 2
26; 4; 9; 37; 66; 7; 4; 38; 90; 85; 9
27; 3; 53; 57; 68; 3; 63; 92; 93
28; 3; 51; 63; 49; 3; 94; 75; 54
29; 4; 68; 69; 54; 53; 4; 95; 96; 58; 93
30; 7; 3; 40; 39; 60; 62; 61; 4; 7; 97; 40; 69; 91; 72; 98; 3
31; 4; 67; 52; 29; 28; 4; 99; 56; 29; 89
32; 8; 12; 13; 15; 26; 25; 31; 30; 10; 8; 100; 15; 101; 25; 83; 31; 55; 12
33; 6; 6; 56; 58; 41; 40; 3; 6; 61; 65; 102; 41; 97; 6

# Id Frattura
22
# Id; NumVertices; Vertices; NumEdges; Edges
0; 4; 0; 1; 2; 3; 4; 0; 1; 2; 3
1; 8; 4; 5; 6; 7; 8; 9; 10; 11; 8; 4; 5; 6; 7; 8; 9; 10; 11
2; 5; 12; 13; 14; 15; 16; 5; 12; 13; 14; 15; 16
3; 3; 13; 17; 14; 3; 17; 18; 13
4; 10; 18; 5; 4; 19; 20; 21; 22; 1; 0; 23; 10; 19; 4; 20; 21; 22; 23; 24; 0; 25; 26
5; 7; 3; 2; 24; 25; 16; 15; 26; 7; 2; 27; 28; 29; 15; 30; 31
6; 5; 27; 28; 29; 30; 31; 5; 32; 33; 34; 35; 36
7; 7; 32; 20; 19; 29; 28; 33; 34; 7; 37; 21; 38; 33; 39; 40; 41
8; 6; 35; 36; 24; 2; 1; 22; 6; 42; 43; 27; 1; 24; 44
9; 3; 16; 25; 12; 3; 29; 45; 16
10; 4; 27; 37; 33; 28; 4; 46; 47; 39; 32
11; 4; 22; 21; 38; 35; 4; 23; 48; 49; 44
12; 4; 39; 32; 34; 40; 4; 50; 41; 51; 52
13; 3; 31; 37; 27; 3; 53; 46; 36
14; 7; 20; 32; 39; 41; 42; 38; 21; 7; 37; 50; 54; 55; 56; 48; 22
15; 5; 3; 26; 43; 23; 0; 5; 31; 57; 58; 25; 3
16; 4; 44; 45; 46; 47; 4; 59; 60; 61; 62
17; 3; 40; 41; 39; 3; 63; 54; 52
18; 4; 9; 8; 48; 49; 4; 8; 64; 65; 66
19; 6; 44; 6; 5; 18; 50; 45; 6; 67; 5; 19; 68; 69; 59
20; 4; 23; 43; 50; 18; 4; 58; 70; 68; 26
21; 5; 7; 6; 44; 47; 51; 5; 6; 67; 62; 71; 72
22; 4; 51; 48; 8; 7; 4; 73; 64; 7; 72
23; 5; 11; 30; 29; 19; 4; 5; 74; 34; 38; 20; 11
24; 3; 49; 10; 9; 3; 75; 9; 66

# Id Frattura
23
# Id; NumVertices; Vertices; NumEdges; Edges
0; 7; 0; 1; 2; 3; 4; 5; 6; 7; 0; 1; 2; 3; 4; 5; 6
1; 8; 7; 8; 9; 10; 11; 12; 13; 14; 8; 7; 8; 9; 10; 11; 12; 13; 14
2; 8; 15; 16; 17; 18; 19; 20; 12; 11; 8; 15; 16; 17; 18; 19; 20; 11; 21
3; 4; 21; 20; 19; 22; 4; 22; 19; 23; 24
4; 3; 3; 23; 4; 3; 25; 26; 3
5; 5; 24; 25; 15; 11; 10; 5; 27; 28; 21; 10; 29
6; 5; 21; 26; 13; 12; 20; 5; 30; 31; 12; 20; 22
7; 6; 27; 28; 17; 16; 29; 30; 6; 32; 33; 16; 34; 35; 36
8; 4; 31; 32; 33; 34; 4; 37; 38; 39; 40
9; 4; 35; 36; 28; 27; 4; 41; 42; 32; 43
10; 6; 37; 38; 39; 34; 33; 40; 6; 44; 45; 46; 39; 47; 48
11; 8; 41; 6; 5; 42; 43; 44; 45; 46; 8; 49; 5; 50; 51; 52; 53; 54; 55
12; 4; 36; 18; 17; 28; 4; 56; 17; 33; 42
13; 6; 47; 48; 49; 38; 37; 50; 6; 57; 58; 59; 44; 60; 61
14; 9; 1; 0; 51; 52; 53; 40; 33; 32; 54; 9; 0; 62; 63; 64; 65; 47; 38; 66; 67
15; 6; 55; 56; 57; 58; 44; 43; 6; 68; 69; 70; 71; 52; 72
16; 4; 40; 53; 50; 37; 4; 65; 73; 60; 48
17; 3; 34; 39; 31; 3; 46; 74; 40
18; 4; 54; 59; 2; 1; 4; 75; 76; 1; 67
19; 4; 27; 30; 60; 35; 4; 36; 77; 78; 43
20; 6; 8; 52; 51; 41; 46; 9; 6; 79; 63; 80; 55; 81; 8
21; 4; 6; 41; 51; 0; 4; 49; 80; 62; 6
22; 4; 55; 43; 42; 61; 4; 72; 51; 82; 83
23; 6; 7; 47; 50; 53; 52; 8; 6; 84; 61; 73; 64; 79; 7
24; 3; 45; 44; 58; 3; 53; 71; 85
25; 3; 61; 56; 55; 3; 86; 68; 83
26; 4; 14; 48; 47; 7; 4; 87; 57; 84; 14
27; 4; 25; 29; 16; 15; 4; 88; 34; 15; 28
28; 7; 10; 9; 46; 45; 58; 57; 24; 7; 9; 81; 54; 85; 70; 89; 29
29; 3; 22; 26; 21; 3; 90; 30; 24

# Id Frattura
24
# Id; NumVertices; Vertices; NumEdges; Edges
0; 5; 0; 1; 2; 3; 4; 5; 0; 1; 2; 3; 4
1; 7; 5; 6; 7; 8; 9; 10; 11; 7; 5; 6; 7; 8; 9; 10; 11
2; 4; 12; 13; 14; 15; 4; 12; 13; 14; 15
3; 5; 16; 17; 18; 19; 20; 5; 16; 17; 18; 19; 20
4; 8; 21; 22; 23; 15; 14; 24; 25; 26; 8; 21; 22; 23; 14; 24; 25; 26; 27
5; 5; 27; 28; 29; 26; 25; 5; 28; 29; 30; 26; 31
6; 5; 30; 31; 32; 8; 7; 5; 32; 33; 34; 7; 35
7; 4; 5; 33; 34; 6; 4; 36; 37; 38; 5
8; 5; 35; 9; 8; 32; 36; 5; 39; 8; 34; 40; 41
9; 3; 11; 33; 5; 3; 42; 36; 11
10; 6; 4; 3; 37; 38; 39; 40; 6; 3; 43; 44; 45; 46; 47
11; 7; 41; 37; 3; 2; 27; 25; 24; 7; 48; 43; 2; 49; 31; 25; 50
12; 3; 26; 29; 21; 3; 30; 51; 27
13; 4; 1; 28; 27; 2; 4; 52; 28; 49; 1
14; 13; 38; 37; 41; 13; 12; 42; 10; 9; 35; 43; 44; 20; 19; 13; 44; 48; 53; 12; 54; 55; 9; 39; 56; 57; 58; 19; 59
15; 3; 36; 43; 35; 3; 60; 56; 41
16; 4; 4; 40; 45; 0; 4; 47; 61; 62; 4
17; 4; 19; 18; 39; 38; 4; 18; 63; 45; 59
18; 3; 20; 44; 16; 3; 58; 64; 20
19; 4; 24; 14; 13; 41; 4; 24; 13; 53; 50
20; 4; 15; 23; 42; 12; 4; 23; 65; 54; 15
21; 4; 7; 6; 34; 30; 4; 6; 38; 66; 35

# Id Frattura
25
# Id; NumVertices; Vertices; NumEdges; Edges
0; 4; 0; 1; 2; 3; 4; 0; 1; 2; 3
1; 4; 4; 5; 6; 7; 4; 4; 5; 6; 7
2; 5; 8; 9; 10; 11; 12; 5; 8; 9; 10; 11; 12
3; 6; 13; 10; 9; 14; 15; 16; 6; 13; 9; 14; 15; 16; 17
4; 5; 15; 14; 3; 2; 17; 5; 15; 18; 2; 19; 20
5; 7; 0; 8; 12; 5; 4; 18; 1; 7; 21; 12; 22; 4; 23; 24; 0
6; 5; 3; 14; 9; 8; 0; 5; 18; 14; 8; 21; 3
7; 3; 7; 18; 4; 3; 25; 23; 7
8; 6; 19; 16; 15; 17; 20; 21; 6; 26; 16; 20; 27; 28; 29
9; 5; 16; 19; 22; 23; 13; 5; 26; 30; 31; 32; 17
10; 3; 21; 22; 19; 3; 33; 30; 29

# Id Frattura
26
# Id; NumVertices; Vertices; NumEdges; Edges
0; 4; 0; 1; 2; 3; 4; 0; 1; 2; 3
1; 4; 4; 5; 6; 7; 4; 4; 5; 6; 7
2; 3; 1; 8; 2; 3; 8; 9; 1
3; 5; 9; 10; 11; 12; 13; 5; 10; 11; 12; 13; 14
4; 4; 14; 12; 11; 15; 4; 15; 12; 16; 17
5; 4; 15; 16; 17; 14; 4; 18; 19; 20; 17
6; 11; 18; 19; 20; 21; 22; 10; 9; 3; 2; 8; 23; 11; 21; 22; 23; 24; 25; 10; 26; 2; 9; 27; 28
7; 8; 24; 7; 6; 16; 15; 11; 10; 22; 8; 29; 6; 30; 18; 16; 11; 25; 31
8; 5; 4; 20; 19; 25; 5; 5; 32; 22; 33; 34; 4
9; 5; 7; 24; 21; 20; 4; 5; 29; 35; 23; 32; 7
10; 4; 13; 0; 3; 9; 4; 36; 3; 26; 14
11; 3; 22; 21; 24; 3; 24; 35; 31
12; 4; 23; 26; 27; 18; 4; 37; 38; 39; 28

# Id Frattura
27
# Id; NumVertices; Vertices; NumEdges; Edges
0; 6; 0; 1; 2; 3; 4; 5; 6; 0; 1; 2; 3; 4; 5
1; 5; 6; 7; 8; 9; 10; 5; 6; 7; 8; 9; 10
2; 6; 11; 12; 13; 14; 15; 16; 6; 11; 12; 13; 14; 15; 16
3; 5; 17; 18; 19; 20; 21; 5; 17; 18; 19; 20; 21
4; 3; 22; 23; 24; 3; 22; 23; 24
5; 4; 25; 26; 27; 28; 4; 25; 26; 27; 28
6; 4; 12; 11; 29; 30; 4; 11; 29; 30; 31
7; 7; 31; 32; 33; 34; 35; 36; 37; 7; 32; 33; 34; 35; 36; 37; 38
8; 13; 38; 39; 30; 29; 32; 31; 40; 10; 9; 41; 42; 43; 44; 13; 39; 40; 30; 41; 32; 42; 43; 9; 44; 45; 46; 47; 48
9; 5; 45; 42; 41; 46; 47; 5; 49; 45; 50; 51; 52
10; 4; 28; 27; 48; 49; 4; 27; 53; 54; 55
11; 6; 50; 26; 25; 2; 1; 51; 6; 56; 25; 57; 1; 58; 59
12; 6; 52; 53; 51; 1; 0; 54; 6; 60; 61; 58; 0; 62; 63
13; 7; 28; 49; 39; 38; 3; 2; 25; 7; 55; 64; 39; 65; 2; 57; 28
14; 6; 5; 55; 56; 57; 54; 0; 6; 66; 67; 68; 69; 62; 5
15; 3; 51; 53; 50; 3; 61; 70; 59
16; 4; 58; 59; 60; 61; 4; 71; 72; 73; 74
17; 4; 54; 57; 62; 52; 4; 69; 75; 76; 63
18; 4; 45; 63; 43; 42; 4; 77; 78; 46; 49
19; 3; 19; 64; 20; 3; 79; 80; 19
20; 4; 33; 16; 15; 34; 4; 81; 15; 82; 34
21; 8; 59; 36; 35; 65; 21; 20; 64; 60; 8; 83; 36; 84; 85; 20; 80; 86; 72
22; 5; 11; 16; 33; 32; 29; 5; 16; 81; 33; 41; 29
23; 3; 37; 40; 31; 3; 87; 42; 38
24; 3; 21; 65; 17; 3; 85; 88; 21
25; 7; 58; 6; 10; 40; 37; 36; 59; 7; 89; 10; 43; 87; 37; 83; 71
26; 4; 41; 9; 8; 46; 4; 44; 8; 90; 50
27; 4; 61; 7; 6; 58; 4; 91; 6; 89; 74
28; 4; 66; 67; 56; 55; 4; 92; 93; 67; 94
29; 6; 30; 39; 49; 48; 13; 12; 6; 40; 64; 54; 95; 12; 31
30; 6; 22; 4; 3; 38; 44; 23; 6; 96; 3; 65; 48; 97; 22
31; 6; 24; 66; 55; 5; 4; 22; 6; 98; 94; 66; 4; 96; 24
32; 3; 47; 63; 45; 3; 99; 77; 52

# Id Frattura
28
# Id; NumVertices; Vertices; NumEdges; Edges
0; 4; 0; 1; 2; 3; 4; 0; 1; 2; 3
1; 5; 4; 5; 6; 7; 8; 5; 4; 5; 6; 7; 8
2; 4; 9; 10; 11; 12; 4; 9; 10; 11; 12
3; 3; 12; 13; 9; 3; 13; 14; 12
4; 10; 14; 15; 16; 17; 18; 19; 1; 0; 20; 21; 10; 15; 16; 17; 18; 19; 20; 0; 21; 22; 23
5; 5; 22; 23; 24; 21; 20; 5; 24; 25; 26; 22; 27
6; 5; 1; 19; 11; 10; 2; 5; 20; 28; 10; 29; 1
7; 5; 22; 20; 0; 3; 25; 5; 27; 21; 3; 30; 31
8; 4; 15; 14; 26; 27; 4; 15; 32; 33; 34
9; 4; 16; 15; 27; 28; 4; 16; 34; 35; 36
10; 4; 17; 16; 28; 29; 4; 17; 36; 37; 38
11; 4; 25; 30; 23; 22; 4; 39; 40; 24; 31
12; 4; 5; 31; 32; 6; 4; 41; 42; 43; 5
13; 5; 21; 24; 33; 26; 14; 5; 26; 44; 45; 32; 23
14; 7; 34; 18; 17; 29; 7; 6; 32; 7; 46; 18; 38; 47; 6; 43; 48
15; 3; 32; 31; 34; 3; 42; 49; 48
16; 3; 8; 35; 4; 3; 50; 51; 8

# Id Frattura
29
# Id; NumVertices; Vertices; NumEdges; Edges
0; 4; 0; 1; 2; 3; 4; 0; 1; 2; 3
1; 7; 4; 5; 6; 7; 8; 9; 10; 7; 4; 5; 6; 7; 8; 9; 10
2; 6; 11; 12; 13; 14; 15; 16; 6; 11; 12; 13; 14; 15; 16
3; 3; 17; 18; 19; 3; 17; 18; 19
4; 7; 20; 21; 22; 23; 24; 25; 26; 7; 20; 21; 22; 23; 24; 25; 26
5; 6; 8; 7; 27; 28; 29; 30; 6; 7; 27; 28; 29; 30; 31
6; 4; 31; 32; 33; 34; 4; 32; 33; 34; 35
7; 10; 35; 36; 37; 38; 28; 27; 39; 40; 41; 42; 10; 36; 37; 38; 39; 28; 40; 41; 42; 43; 44
8; 11; 11; 43; 44; 45; 46; 47; 3; 2; 34; 33; 12; 11; 45; 46; 47; 48; 49; 50; 2; 51; 34; 52; 11
9; 5; 48; 49; 18; 17; 50; 5; 53; 54; 17; 55; 56
10; 4; 51; 0; 3; 47; 4; 57; 3; 50; 58
11; 7; 52; 46; 45; 42; 41; 53; 54; 7; 59; 48; 60; 43; 61; 62; 63
12; 12; 19; 55; 10; 9; 30; 29; 56; 57; 26; 25; 50; 17; 12; 64; 65; 9; 66; 30; 67; 68; 69; 25; 70; 55; 19
13; 3; 23; 22; 58; 3; 22; 71; 72
14; 5; 59; 36; 35; 44; 43; 5; 73; 36; 74; 46; 75
15; 4; 37; 57; 56; 38; 4; 76; 68; 77; 38
16; 6; 47; 46; 52; 60; 61; 51; 6; 49; 59; 78; 79; 80; 58
17; 5; 14; 62; 21; 20; 15; 5; 81; 82; 20; 83; 14
18; 3; 10; 55; 4; 3; 65; 84; 10
19; 8; 26; 57; 37; 36; 59; 16; 15; 20; 8; 69; 76; 37; 73; 85; 15; 83; 26
20; 4; 16; 59; 43; 11; 4; 85; 75; 45; 16
21; 4; 32; 13; 12; 33; 4; 86; 12; 52; 33
22; 4; 34; 2; 1; 31; 4; 51; 1; 87; 35
23; 5; 39; 27; 7; 6; 63; 5; 40; 27; 6; 88; 89
24; 4; 28; 38; 56; 29; 4; 39; 77; 67; 29
25; 4; 50; 25; 24; 48; 4; 70; 24; 90; 56
26; 4; 42; 45; 44; 35; 4; 60; 47; 74; 44
27; 5; 58; 49; 48; 24; 23; 5; 91; 53; 90; 23; 72
28; 3; 63; 40; 39; 3; 92; 41; 89
29; 3; 54; 60; 52; 3; 93; 78; 63
30; 3; 30; 9; 8; 3; 66; 8; 31

# Id Frattura
30
# Id; NumVertices; Vertices; NumEdges; Edges
0; 6; 0; 1; 2; 3; 4; 5; 6; 0; 1; 2; 3; 4; 5
1; 8; 6; 7; 8; 9; 10; 11; 12; 13; 8; 6; 7; 8; 9; 10; 11; 12; 13
2; 5; 2; 1; 14; 15; 16; 5; 1; 14; 15; 16; 17
3; 4; 3; 17; 18; 4; 4; 18; 19; 20; 3
4; 4; 19; 20; 21; 22; 4; 21; 22; 23; 24
5; 4; 11; 10; 23; 24; 4; 10; 25; 26; 27
6; 5; 0; 9; 8; 14; 1; 5; 28; 8; 29; 14; 0
7; 3; 24; 12; 11; 3; 30; 11; 27
8; 4; 2; 16; 17; 3; 4; 17; 31; 18; 2
9; 5; 5; 23; 10; 9; 0; 5; 32; 25; 9; 28; 5
10; 5; 22; 25; 7; 6; 19; 5; 33; 34; 6; 35; 24
11; 4; 13; 20; 19; 6; 4; 36; 21; 35; 13

# Id Frattura
31
# Id; NumVertices; Vertices; NumEdges; Edges
0; 3; 0; 1; 2; 3; 0; 1; 2
1; 5; 2; 1; 3; 4; 5; 5; 1; 3; 4; 5; 6
2; 3; 6; 7; 8; 3; 7; 8; 9
3; 5; 8; 9; 10; 11; 6; 5; 10; 11; 12; 13; 9
4; 6; 0; 11; 10; 12; 3; 1; 6; 14; 12; 15; 16; 3; 0
5; 7; 2; 5; 13; 7; 6; 11; 0; 7; 6; 17; 18; 7; 13; 14; 2

# Id Frattura
32
# Id; NumVertices; Vertices; NumEdges; Edges
0; 5; 0; 1; 2; 3; 4; 5; 0; 1; 2; 3; 4
1; 6; 5; 6; 7; 8; 9; 10; 6; 5; 6; 7; 8; 9; 10
2; 4; 0; 4; 11; 12; 4; 4; 11; 12; 13
3; 3; 12; 1; 0; 3; 14; 0; 13
4; 5; 13; 14; 15; 16; 17; 5; 15; 16; 17; 18; 19
5; 7; 10; 9; 18; 3; 2; 16; 15; 7; 9; 20; 21; 2; 22; 17; 23
6; 4; 8; 7; 19; 20; 4; 7; 24; 25; 26
7; 7; 6; 5; 14; 13; 21; 22; 23; 7; 5; 27; 15; 28; 29; 30; 31
8; 5; 23; 24; 19; 7; 6; 5; 32; 33; 24; 6; 31
9; 5; 25; 21; 13; 17; 26; 5; 34; 28; 19; 35; 36
10; 4; 20; 18; 9; 8; 4; 37; 20; 8; 26
11; 6; 25; 27; 28; 29; 22; 21; 6; 38; 39; 40; 41; 29; 34
12; 3; 26; 27; 25; 3; 42; 38; 36
13; 4; 10; 15; 14; 5; 4; 23; 16; 27; 10

# Id Frattura
33
# Id; NumVertices; Vertices; NumEdges; Edges
0; 4; 0; 1; 2; 3; 4; 0; 1; 2; 3
1; 4; 4; 5; 6; 7; 4; 4; 5; 6; 7
2; 3; 8; 9; 10; 3; 8; 9; 10
3; 4; 3; 11; 12; 0; 4; 11; 12; 13; 3
4; 8; 1; 0; 12; 6; 5; 13; 14; 15; 8; 0; 13; 14; 5; 15; 16; 17; 18
5; 4; 15; 16; 2; 1; 4; 19; 20; 1; 18
6; 3; 4; 7; 17; 3; 7; 21; 22
7; 6; 17; 8; 10; 13; 5; 4; 6; 23; 10; 24; 15; 4; 22

# Id Frattura
34
# Id; NumVertices; Vertices; NumEdges; Edges
0; 7; 0; 1; 2; 3; 4; 5; 6; 7; 0; 1; 2; 3; 4; 5; 6
1; 7; 5; 4; 7; 8; 9; 10; 11; 7; 4; 7; 8; 9; 10; 11; 12
2; 3; 12; 13; 14; 3; 13; 14; 15
3; 4; 14; 15; 16; 12; 4; 16; 17; 18; 15
4; 6; 17; 6; 5; 11; 18; 19; 6; 19; 5; 12; 20; 21; 22
5; 5; 20; 8; 7; 3; 2; 5; 23; 8; 24; 2; 25
6; 8; 0; 17; 19; 13; 12; 16; 21; 1; 8; 26; 22; 27; 13; 18; 28; 29; 0
7; 3; 3; 7; 4; 3; 24; 7; 3
8; 3; 6; 17; 0; 3; 19; 26; 6
9; 4; 2; 1; 21; 20; 4; 1; 29; 30; 25

# Id Frattura
35
# Id; NumVertices; Vertices; NumEdges; Edges
0; 7; 0; 1; 2; 3; 4; 5; 6; 7; 0; 1; 2; 3; 4; 5; 6
1; 4; 7; 8; 9; 10; 4; 7; 8; 9; 10
2; 4; 11; 1; 0; 12; 4; 11; 0; 12; 13
3; 6; 13; 14; 15; 16; 17; 18; 6; 14; 15; 16; 17; 18; 19
4; 4; 19; 20; 21; 22; 4; 20; 21; 22; 23
5; 3; 4; 23; 5; 3; 24; 25; 4
6; 3; 14; 24; 15; 3; 26; 27; 15
7; 4; 25; 26; 27; 28; 4; 28; 29; 30; 31
8; 5; 8; 29; 30; 31; 9; 5; 32; 33; 34; 35; 8
9; 3; 22; 32; 19; 3; 36; 37; 23
10; 3; 18; 33; 13; 3; 38; 39; 19
11; 5; 34; 35; 36; 37; 38; 5; 40; 41; 42; 43; 44
12; 7; 35; 34; 11; 12; 28; 27; 39; 7; 40; 45; 13; 46; 30; 47; 48
13; 4; 39; 40; 36; 35; 4; 49; 50; 41; 48
14; 9; 7; 17; 16; 3; 2; 38; 37; 29; 8; 9; 51; 17; 52; 2; 53; 43; 54; 32; 7
15; 5; 36; 40; 30; 29; 37; 5; 50; 55; 33; 54; 42
16; 6; 25; 41; 20; 19; 32; 26; 6; 56; 57; 20; 37; 58; 28
17; 5; 10; 33; 18; 17; 7; 5; 59; 38; 18; 51; 10
18; 6; 28; 12; 0; 6; 41; 25; 6; 46; 12; 6; 60; 56; 31
19; 5; 38; 2; 1; 11; 34; 5; 53; 1; 11; 45; 44

# Id Frattura
36
# Id; NumVertices; Vertices; NumEdges; Edges
0; 6; 0; 1; 2; 3; 4; 5; 6; 0; 1; 2; 3; 4; 5
1; 6; 6; 7; 8; 9; 10; 11; 6; 6; 7; 8; 9; 10; 11
2; 4; 12; 13; 14; 15; 4; 12; 13; 14; 15
3; 3; 1; 16; 2; 3; 16; 17; 1
4; 4; 17; 18; 19; 20; 4; 18; 19; 20; 21
5; 4; 21; 22; 23; 24; 4; 22; 23; 24; 25
6; 3; 20; 25; 17; 3; 26; 27; 21
7; 3; 26; 27; 28; 3; 28; 29; 30
8; 5; 29; 27; 26; 30; 31; 5; 31; 28; 32; 33; 34
9; 8; 31; 18; 17; 25; 32; 24; 23; 29; 8; 35; 18; 27; 36; 37; 24; 38; 34
10; 5; 33; 6; 11; 34; 35; 5; 39; 11; 40; 41; 42
11; 4; 36; 37; 38; 39; 4; 43; 44; 45; 46
12; 5; 40; 41; 42; 43; 44; 5; 47; 48; 49; 50; 51
13; 3; 44; 45; 40; 3; 52; 53; 51
14; 3; 3; 46; 4; 3; 54; 55; 3
15; 12; 47; 10; 9; 28; 27; 29; 23; 22; 48; 14; 13; 49; 12; 56; 9; 57; 29; 31; 38; 23; 58; 59; 13; 60; 61
16; 6; 5; 50; 41; 40; 45; 0; 6; 62; 63; 47; 53; 64; 5
17; 3; 47; 49; 51; 3; 61; 65; 66
18; 8; 15; 14; 48; 50; 5; 4; 46; 52; 8; 14; 59; 67; 62; 4; 55; 68; 69
19; 4; 35; 39; 38; 33; 4; 70; 45; 71; 42
20; 9; 12; 53; 36; 39; 35; 34; 51; 49; 13; 9; 72; 73; 46; 70; 41; 74; 65; 60; 12
21; 5; 28; 9; 8; 30; 26; 5; 57; 8; 75; 32; 30
22; 5; 51; 34; 11; 10; 47; 5; 74; 40; 10; 56; 66
23; 4; 15; 52; 53; 12; 4; 69; 76; 72; 15
24; 6; 21; 42; 41; 50; 48; 22; 6; 77; 48; 63; 67; 58; 22
25; 5; 24; 32; 43; 42; 21; 5; 37; 78; 49; 77; 25

# Id Frattura
37
# Id; NumVertices; Vertices; NumEdges; Edges
0; 8; 0; 1; 2; 3; 4; 5; 6; 7; 8; 0; 1; 2; 3; 4; 5; 6; 7
1; 4; 8; 9; 10; 11; 4; 8; 9; 10; 11
2; 6; 12; 13; 14; 15; 16; 17; 6; 12; 13; 14; 15; 16; 17
3; 5; 18; 2; 1; 19; 20; 5; 18; 1; 19; 20; 21
4; 3; 4; 21; 5; 3; 22; 23; 4
5; 6; 22; 23; 13; 12; 24; 25; 6; 24; 25; 12; 26; 27; 28
6; 5; 26; 27; 9; 8; 28; 5; 29; 30; 8; 31; 32
7; 6; 29; 28; 8; 11; 7; 6; 6; 33; 31; 11; 34; 6; 35
8; 4; 30; 14; 13; 23; 4; 36; 13; 25; 37
9; 6; 19; 1; 0; 16; 15; 31; 6; 19; 0; 38; 15; 39; 40
10; 7; 30; 32; 33; 34; 31; 15; 14; 7; 41; 42; 43; 44; 39; 14; 36
11; 5; 28; 29; 35; 36; 26; 5; 33; 45; 46; 47; 32
12; 5; 6; 5; 21; 35; 29; 5; 5; 23; 48; 45; 35
13; 4; 17; 37; 24; 12; 4; 49; 50; 26; 17
14; 5; 38; 32; 30; 23; 22; 5; 51; 41; 37; 24; 52
15; 4; 2; 18; 39; 3; 4; 18; 53; 54; 2
16; 4; 31; 34; 20; 19; 4; 44; 55; 20; 40
17; 6; 20; 34; 33; 40; 39; 18; 6; 55; 43; 56; 57; 53; 21
18; 4; 22; 25; 41; 38; 4; 28; 58; 59; 52
19; 7; 7; 11; 10; 37; 17; 16; 0; 7; 34; 10; 60; 49; 16; 38; 7

# Id Frattura
38
# Id; NumVertices; Vertices; NumEdges; Edges
0; 6; 0; 1; 2; 3; 4; 5; 6; 0; 1; 2; 3; 4; 5
1; 4; 6; 7; 8; 9; 4; 6; 7; 8; 9
2; 6; 10; 11; 12; 13; 14; 15; 6; 10; 11; 12; 13; 14; 15
3; 4; 16; 17; 18; 19; 4; 16; 17; 18; 19
4; 5; 20; 21; 12; 11; 22; 5; 20; 21; 11; 22; 23
5; 3; 20; 22; 23; 3; 23; 24; 25
6; 3; 24; 25; 26; 3; 26; 27; 28
7; 7; 13; 27; 28; 29; 7; 6; 14; 7; 29; 30; 31; 32; 6; 33; 13
8; 7; 30; 31; 32; 33; 34; 35; 36; 7; 34; 35; 36; 37; 38; 39; 40
9; 6; 37; 38; 39; 40; 32; 31; 6; 41; 42; 43; 44; 35; 45
10; 5; 41; 42; 40; 39; 43; 5; 46; 47; 43; 48; 49
11; 3; 43; 44; 41; 3; 50; 51; 49
12; 4; 7; 29; 45; 8; 4; 32; 52; 53; 7
13; 7; 9; 35; 34; 46; 15; 14; 6; 7; 54; 38; 55; 56; 14; 33; 9
14; 4; 12; 21; 27; 13; 4; 21; 57; 29; 12
15; 6; 23; 47; 28; 27; 21; 20; 6; 58; 59; 30; 57; 20; 25
16; 3; 15; 46; 10; 3; 56; 60; 15
17; 10; 36; 35; 9; 8; 45; 48; 49; 50; 51; 52; 10; 39; 54; 8; 53; 61; 62; 63; 64; 65; 66
18; 3; 17; 53; 18; 3; 67; 68; 17
19; 4; 32; 40; 42; 33; 4; 44; 47; 69; 36
20; 10; 38; 37; 54; 50; 49; 3; 2; 55; 56; 57; 10; 41; 70; 71; 63; 72; 2; 73; 74; 75; 76
21; 8; 3; 49; 48; 53; 17; 16; 58; 4; 8; 72; 62; 77; 67; 16; 78; 79; 3
22; 5; 19; 24; 26; 58; 16; 5; 80; 28; 81; 78; 19
23; 6; 0; 5; 59; 60; 57; 56; 6; 5; 82; 83; 84; 75; 85
24; 3; 51; 50; 54; 3; 64; 71; 86
25; 7; 38; 57; 60; 61; 44; 43; 39; 7; 76; 84; 87; 88; 50; 48; 42
26; 4; 1; 0; 56; 55; 4; 0; 85; 74; 89
27; 6; 31; 30; 52; 51; 54; 37; 6; 34; 90; 65; 86; 70; 45
28; 3; 55; 2; 1; 3; 73; 1; 89
29; 3; 36; 52; 30; 3; 66; 90; 40

# Id Frattura
39
# Id; NumVertices; Vertices; NumEdges; Edges
0; 4; 0; 1; 2; 3; 4; 0; 1; 2; 3
1; 6; 4; 5; 6; 0; 3; 7; 6; 4; 5; 6; 3; 7; 8
2; 7; 8; 9; 10; 11; 5; 4; 12; 7; 9; 10; 11; 12; 4; 13; 14
3; 3; 11; 6; 5; 3; 15; 5; 12
4; 4; 7; 13; 12; 4; 4; 16; 17; 13; 8
5; 3; 12; 13; 8; 3; 17; 18; 14

# Id Frattura
40
# Id; NumVertices; Vertices; NumEdges; Edges
0; 5; 0; 1; 2; 3; 4; 5; 0; 1; 2; 3; 4
1; 5; 5; 6; 7; 8; 9; 5; 5; 6; 7; 8; 9
2; 5; 10; 11; 12; 13; 14; 5; 10; 11; 12; 13; 14
3; 6; 15; 16; 17; 4; 3; 18; 6; 15; 16; 17; 3; 18; 19
4; 5; 19; 20; 21; 22; 23; 5; 20; 21; 22; 23; 24
5; 5; 24; 25; 26; 27; 28; 5; 25; 26; 27; 28; 29
6; 8; 29; 1; 0; 17; 16; 30; 31; 32; 8; 30; 0; 31; 16; 32; 33; 34; 35
7; 3; 15; 18; 33; 3; 19; 36; 37
8; 5; 34; 35; 36; 26; 25; 5; 38; 39; 40; 26; 41
9; 5; 37; 13; 12; 38; 39; 5; 42; 12; 43; 44; 45
10; 5; 1; 29; 40; 41; 2; 5; 30; 46; 47; 48; 1
11; 9; 42; 11; 10; 43; 44; 45; 24; 28; 46; 9; 49; 10; 50; 51; 52; 53; 29; 54; 55
12; 3; 7; 47; 8; 3; 56; 57; 7
13; 7; 48; 32; 31; 49; 35; 34; 50; 7; 58; 34; 59; 60; 38; 61; 62
14; 6; 20; 39; 38; 51; 52; 21; 6; 63; 44; 64; 65; 66; 21
15; 4; 46; 52; 51; 42; 4; 67; 65; 68; 55
16; 3; 9; 53; 5; 3; 69; 70; 9
17; 3; 30; 49; 31; 3; 71; 59; 33
18; 6; 23; 54; 41; 40; 55; 19; 6; 72; 73; 47; 74; 75; 24
19; 3; 4; 17; 0; 3; 17; 31; 4
20; 5; 39; 20; 19; 55; 37; 5; 63; 20; 75; 76; 45
21; 5; 11; 42; 51; 38; 12; 5; 49; 68; 64; 43; 11
22; 3; 14; 43; 10; 3; 77; 50; 14
23; 10; 32; 48; 44; 43; 14; 13; 37; 55; 40; 29; 10; 58; 78; 51; 77; 13; 42; 76; 74; 46; 35
24; 5; 25; 24; 45; 50; 34; 5; 25; 53; 79; 61; 41
25; 4; 50; 45; 44; 48; 4; 79; 52; 78; 62
26; 11; 33; 53; 9; 8; 47; 36; 35; 49; 30; 16; 15; 11; 80; 69; 8; 57; 81; 39; 60; 71; 32; 15; 37

# Id Frattura
41
# Id; NumVertices; Vertices; NumEdges; Edges
0; 3; 0; 1; 2; 3; 0; 1; 2
1; 8; 3; 4; 5; 2; 1; 6; 7; 8; 8; 3; 4; 5; 1; 6; 7; 8; 9
2; 6; 9; 10; 11; 12; 4; 3; 6; 10; 11; 12; 13; 3; 14
3; 4; 13; 14; 15; 16; 4; 15; 16; 17; 18
4; 3; 17; 18; 19; 3; 19; 20; 21
5; 5; 20; 21; 22; 23; 24; 5; 22; 23; 24; 25; 26
6; 5; 25; 26; 27; 28; 29; 5; 27; 28; 29; 30; 31
7; 5; 24; 23; 30; 31; 32; 5; 25; 32; 33; 34; 35
8; 6; 33; 17; 19; 34; 28; 27; 6; 36; 21; 37; 38; 29; 39
9; 8; 35; 36; 26; 25; 37; 38; 39; 40; 8; 40; 41; 27; 42; 43; 44; 45; 46
10; 5; 41; 42; 11; 10; 43; 5; 47; 48; 11; 49; 50
11; 9; 20; 44; 5; 4; 12; 42; 41; 45; 21; 9; 51; 52; 4; 13; 53; 47; 54; 55; 22
12; 7; 0; 34; 19; 18; 46; 6; 1; 7; 56; 37; 20; 57; 58; 6; 0
13; 3; 3; 8; 9; 3; 9; 59; 14
14; 6; 16; 15; 33; 27; 26; 36; 6; 17; 60; 39; 28; 41; 61
15; 4; 13; 35; 40; 14; 4; 62; 46; 63; 15
16; 6; 37; 25; 29; 31; 30; 47; 6; 42; 31; 64; 33; 65; 66
17; 9; 2; 5; 44; 32; 31; 29; 28; 34; 0; 9; 5; 52; 67; 34; 64; 30; 38; 56; 2
18; 4; 16; 36; 35; 13; 4; 61; 40; 62; 18
19; 4; 24; 32; 44; 20; 4; 35; 67; 51; 26
20; 3; 42; 12; 11; 3; 53; 12; 48
21; 3; 43; 45; 41; 3; 68; 54; 50
22; 3; 47; 38; 37; 3; 69; 43; 66

# Id Frattura
42
# Id; NumVertices; Vertices; NumEdges; Edges
0; 7; 0; 1; 2; 3; 4; 5; 6; 7; 0; 1; 2; 3; 4; 5; 6
1; 4; 7; 8; 9; 10; 4; 7; 8; 9; 10
2; 3; 2; 1; 11; 3; 1; 11; 12
3; 6; 12; 13; 14; 15; 16; 17; 6; 13; 14; 15; 16; 17; 18
4; 4; 11; 18; 3; 2; 4; 19; 20; 2; 12
5; 5; 19; 20; 21; 22; 23; 5; 21; 22; 23; 24; 25
6; 5; 15; 5; 4; 24; 16; 5; 26; 4; 27; 28; 16
7; 6; 14; 25; 26; 6; 5; 15; 6; 29; 30; 31; 5; 26; 15
8; 7; 27; 28; 29; 30; 31; 32; 33; 7; 32; 33; 34; 35; 36; 37; 38
9; 6; 34; 35; 0; 6; 26; 36; 6; 39; 40; 6; 31; 41; 42
10; 8; 13; 12; 37; 38; 20; 19; 39; 40; 8; 13; 43; 44; 45; 21; 46; 47; 48
11; 5; 41; 42; 35; 34; 43; 5; 49; 50; 39; 51; 52
12; 8; 44; 45; 46; 36; 26; 25; 40; 39; 8; 53; 54; 55; 41; 30; 56; 47; 57
13; 4; 7; 29; 28; 8; 4; 58; 33; 59; 7
14; 9; 47; 45; 44; 23; 22; 32; 31; 48; 49; 9; 60; 53; 61; 24; 62; 36; 63; 64; 65
15; 6; 10; 42; 41; 30; 29; 7; 6; 66; 49; 67; 34; 58; 10
16; 7; 36; 46; 50; 49; 48; 43; 34; 7; 55; 68; 69; 64; 70; 51; 42
17; 4; 40; 25; 14; 13; 4; 56; 29; 14; 48
18; 7; 21; 51; 52; 53; 33; 32; 22; 7; 71; 72; 73; 74; 37; 62; 23
19; 5; 43; 48; 31; 30; 41; 5; 70; 63; 35; 67; 52
20; 3; 47; 49; 50; 3; 65; 69; 75
21; 4; 20; 38; 51; 21; 4; 45; 76; 71; 22
22; 3; 33; 53; 27; 3; 74; 77; 38
23; 3; 17; 37; 12; 3; 78; 43; 18
24; 4; 23; 44; 39; 19; 4; 61; 57; 46; 25
25; 4; 50; 46; 45; 47; 4; 68; 54; 60; 75

# Id Frattura
43
# Id; NumVertices; Vertices; NumEdges; Edges
0; 4; 0; 1; 2; 3; 4; 0; 1; 2; 3
1; 5; 4; 5; 6; 7; 8; 5; 4; 5; 6; 7; 8
2; 6; 9; 10; 11; 12; 7; 6; 6; 9; 10; 11; 12; 6; 13
3; 5; 13; 12; 11; 14; 15; 5; 14; 11; 15; 16; 17
4; 8; 16; 17; 18; 19; 20; 21; 22; 23; 8; 18; 19; 20; 21; 22; 23; 24; 25
5; 9; 21; 20; 24; 25; 26; 1; 0; 27; 28; 9; 22; 26; 27; 28; 29; 0; 30; 31; 32
6; 6; 29; 30; 17; 16; 31; 32; 6; 33; 34; 18; 35; 36; 37
7; 7; 19; 18; 8; 7; 12; 13; 33; 7; 20; 38; 7; 12; 14; 39; 40
8; 4; 25; 34; 35; 26; 4; 41; 42; 43; 28
9; 3; 10; 14; 11; 3; 44; 15; 10
10; 6; 36; 37; 34; 25; 24; 38; 6; 45; 46; 41; 27; 47; 48
11; 4; 30; 29; 39; 40; 4; 33; 49; 50; 51
12; 4; 37; 41; 35; 34; 4; 52; 53; 42; 46
13; 4; 6; 5; 42; 9; 4; 5; 54; 55; 13
14; 3; 28; 22; 21; 3; 56; 23; 32
15; 3; 23; 31; 16; 3; 57; 35; 25
16; 6; 40; 4; 8; 18; 17; 30; 6; 58; 8; 38; 19; 34; 51
17; 4; 32; 43; 39; 29; 4; 59; 60; 49; 37
18; 5; 38; 33; 13; 15; 36; 5; 61; 39; 17; 62; 48
19; 3; 3; 27; 0; 3; 63; 30; 3
20; 5; 33; 38; 24; 20; 19; 5; 61; 47; 26; 21; 40

# Id Frattura
44
# Id; NumVertices; Vertices; NumEdges; Edges
0; 8; 0; 1; 2; 3; 4; 5; 6; 7; 8; 0; 1; 2; 3; 4; 5; 6; 7
1; 6; 8; 9; 10; 11; 12; 13; 6; 8; 9; 10; 11; 12; 13
2; 5; 14; 15; 16; 17; 18; 5; 14; 15; 16; 17; 18
3; 3; 11; 10; 19; 3; 10; 19; 20
4; 5; 8; 3; 2; 20; 9; 5; 21; 2; 22; 23; 8
5; 7; 21; 22; 23; 12; 11; 19; 24; 7; 24; 25; 26; 11; 20; 27; 28
6; 5; 25; 26; 27; 28; 29; 5; 29; 30; 31; 32; 33
7; 4; 30; 31; 32; 33; 4; 34; 35; 36; 37
8; 3; 34; 35; 36; 3; 38; 39; 40
9; 4; 37; 38; 39; 40; 4; 41; 42; 43; 44
10; 9; 41; 42; 43; 17; 16; 44; 45; 27; 26; 9; 45; 46; 47; 16; 48; 49; 50; 30; 51
11; 3; 1; 20; 2; 3; 52; 22; 1
12; 4; 13; 4; 3; 8; 4; 53; 3; 21; 13
13; 8; 7; 6; 46; 47; 38; 37; 48; 49; 8; 6; 54; 55; 56; 41; 57; 58; 59
14; 3; 24; 50; 21; 3; 60; 61; 28
15; 4; 40; 51; 48; 37; 4; 62; 63; 57; 44
16; 6; 23; 22; 18; 17; 43; 52; 6; 25; 64; 17; 47; 65; 66
17; 7; 44; 16; 15; 31; 30; 53; 54; 7; 48; 15; 67; 34; 68; 69; 70
18; 3; 33; 53; 30; 3; 71; 68; 37
19; 3; 54; 45; 44; 3; 72; 49; 70
20; 5; 18; 22; 21; 50; 14; 5; 64; 24; 61; 73; 18
21; 5; 55; 52; 43; 42; 56; 5; 74; 65; 46; 75; 76
22; 3; 29; 57; 25; 3; 77; 78; 33
23; 6; 58; 41; 26; 25; 57; 59; 6; 79; 51; 29; 78; 80; 81
24; 9; 52; 55; 47; 46; 5; 4; 13; 12; 23; 9; 74; 82; 55; 83; 4; 53; 12; 26; 66
25; 6; 56; 60; 39; 38; 47; 55; 6; 84; 85; 42; 56; 82; 76
26; 6; 58; 61; 60; 56; 42; 41; 6; 86; 87; 84; 75; 45; 79
27; 3; 5; 46; 6; 3; 83; 54; 5
28; 3; 59; 61; 58; 3; 88; 86; 81
29; 5; 7; 49; 34; 36; 0; 5; 59; 89; 40; 90; 7

# Id Frattura
45
# Id; NumVertices; Vertices; NumEdges; Edges
0; 8; 0; 1; 2; 3; 4; 5; 6; 7; 8; 0; 1; 2; 3; 4; 5; 6; 7
1; 7; 8; 9; 10; 1; 0; 11; 12; 7; 8; 9; 10; 0; 11; 12; 13
2; 3; 13; 14; 15; 3; 14; 15; 16
3; 3; 16; 4; 3; 3; 17; 3; 18
4; 3; 5; 17; 6; 3; 19; 20; 5
5; 3; 18; 19; 20; 3; 21; 22; 23
6; 7; 21; 20; 19; 9; 8; 22; 23; 7; 24; 22; 25; 8; 26; 27; 28
7; 6; 24; 25; 26; 13; 15; 27; 6; 29; 30; 31; 16; 32; 33
8; 7; 2; 1; 10; 25; 24; 28; 29; 7; 1; 10; 34; 29; 35; 36; 37
9; 3; 12; 22; 8; 3; 38; 26; 13
10; 6; 18; 26; 25; 10; 9; 19; 6; 39; 30; 34; 9; 25; 21
11; 4; 23; 30; 31; 21; 4; 40; 41; 42; 28
12; 8; 20; 21; 31; 32; 14; 13; 26; 18; 8; 24; 42; 43; 44; 14; 31; 39; 23
13; 5; 33; 11; 0; 7; 34; 5; 45; 11; 7; 46; 47
14; 3; 27; 28; 24; 3; 48; 35; 33
15; 4; 29; 16; 3; 2; 4; 49; 18; 2; 37
16; 3; 34; 35; 33; 3; 50; 51; 47

# Id Frattura
46
# Id; NumVertices; Vertices; NumEdges; Edges
0; 6; 0; 1; 2; 3; 4; 5; 6; 0; 1; 2; 3; 4; 5
1; 5; 6; 7; 8; 9; 10; 5; 6; 7; 8; 9; 10
2; 7; 11; 12; 13; 14; 15; 5; 4; 7; 11; 12; 13; 14; 15; 4; 16
3; 4; 16; 17; 18; 19; 4; 17; 18; 19; 20
4; 4; 20; 21; 22; 23; 4; 21; 22; 23; 24
5; 6; 10; 9; 3; 2; 24; 25; 6; 9; 25; 2; 26; 27; 28
6; 7; 26; 18; 17; 27; 7; 6; 28; 7; 29; 18; 30; 31; 6; 32; 33
7; 6; 12; 11; 8; 7; 27; 29; 6; 11; 34; 7; 31; 35; 36
8; 5; 10; 25; 30; 28; 6; 5; 28; 37; 38; 32; 10
9; 6; 31; 32; 19; 18; 26; 33; 6; 39; 40; 19; 29; 41; 42
10; 4; 19; 32; 34; 16; 4; 40; 43; 44; 20
11; 5; 28; 30; 35; 33; 26; 5; 38; 45; 46; 41; 33
12; 5; 4; 3; 9; 8; 11; 5; 3; 25; 8; 34; 16
13; 4; 13; 12; 29; 36; 4; 12; 36; 47; 48
14; 4; 33; 35; 37; 31; 4; 46; 49; 50; 42
15; 3; 23; 38; 20; 3; 51; 52; 24
16; 4; 1; 39; 24; 2; 4; 53; 54; 26; 1
17; 6; 5; 15; 21; 20; 38; 0; 6; 15; 55; 21; 52; 56; 5
18; 3; 36; 14; 13; 3; 57; 13; 48

# Id Frattura
47
# Id; NumVertices; Vertices; NumEdges; Edges
0; 3; 0; 1; 2; 3; 0; 1; 2
1; 6; 3; 4; 5; 6; 7; 8; 6; 3; 4; 5; 6; 7; 8
2; 7; 9; 10; 11; 12; 13; 14; 15; 7; 9; 10; 11; 12; 13; 14; 15
3; 6; 16; 17; 18; 19; 20; 21; 6; 16; 17; 18; 19; 20; 21
4; 4; 22; 23; 24; 25; 4; 22; 23; 24; 25
5; 4; 26; 27; 28; 29; 4; 26; 27; 28; 29
6; 5; 15; 14; 30; 19; 18; 5; 14; 30; 31; 18; 32
7; 4; 31; 6; 5; 32; 4; 33; 5; 34; 35
8; 3; 12; 33; 13; 3; 36; 37; 12
9; 4; 34; 35; 36; 37; 4; 38; 39; 40; 41
10; 4; 38; 29; 28; 39; 4; 42; 28; 43; 44
11; 6; 9; 15; 18; 17; 40; 41; 6; 15; 32; 17; 45; 46; 47
12; 4; 42; 43; 44; 45; 4; 48; 49; 50; 51
13; 6; 46; 47; 1; 0; 48; 49; 6; 52; 53; 0; 54; 55; 56
14; 4; 19; 30; 50; 20; 4; 31; 57; 58; 19
15; 8; 23; 38; 39; 33; 12; 11; 51; 24; 8; 59; 44; 60; 36; 11; 61; 62; 23
16; 7; 52; 53; 51; 11; 10; 41; 40; 7; 63; 64; 61; 10; 65; 46; 66
17; 9; 54; 55; 56; 57; 58; 59; 60; 8; 7; 9; 67; 68; 69; 70; 71; 72; 73; 7; 74
18; 4; 60; 59; 61; 62; 4; 72; 75; 76; 77
19; 9; 52; 40; 17; 16; 63; 35; 34; 64; 65; 9; 66; 45; 16; 78; 79; 38; 80; 81; 82
20; 4; 66; 67; 68; 69; 4; 83; 84; 85; 86
21; 6; 37; 62; 61; 70; 64; 34; 6; 87; 76; 88; 89; 80; 41
22; 3; 21; 63; 16; 3; 90; 78; 21
23; 12; 45; 44; 71; 25; 24; 51; 53; 65; 64; 70; 58; 57; 12; 50; 91; 92; 24; 62; 64; 93; 81; 89; 94; 70; 95
24; 4; 59; 58; 70; 61; 4; 71; 94; 88; 75
25; 10; 2; 26; 29; 38; 23; 22; 72; 73; 48; 0; 10; 96; 29; 42; 59; 22; 97; 98; 99; 54; 2
26; 7; 74; 75; 76; 77; 78; 68; 67; 7; 100; 101; 102; 103; 104; 84; 105
27; 6; 62; 37; 36; 3; 8; 60; 6; 87; 40; 106; 8; 73; 77
28; 4; 32; 78; 77; 31; 4; 107; 103; 108; 35
29; 7; 49; 48; 73; 79; 80; 76; 75; 7; 55; 99; 109; 110; 111; 101; 112
30; 4; 69; 81; 82; 66; 4; 113; 114; 115; 86
31; 6; 46; 74; 67; 66; 82; 47; 6; 116; 105; 83; 115; 117; 52
32; 4; 25; 71; 72; 22; 4; 92; 118; 97; 25
33; 5; 43; 42; 56; 55; 83; 5; 48; 119; 68; 120; 121
34; 4; 45; 57; 56; 42; 4; 95; 69; 119; 51
35; 5; 54; 80; 79; 83; 55; 5; 122; 110; 123; 120; 67
36; 3; 41; 10; 9; 3; 65; 9; 47
37; 3; 65; 53; 52; 3; 93; 63; 82
38; 4; 49; 75; 74; 46; 4; 112; 100; 116; 56
39; 7; 7; 6; 31; 77; 76; 80; 54; 7; 6; 33; 108; 102; 111; 122; 74
40; 7; 83; 79; 73; 72; 71; 44; 43; 7; 123; 109; 98; 118; 91; 49; 121

# Id Frattura
48
# Id; NumVertices; Vertices; NumEdges; Edges
0; 5; 0; 1; 2; 3; 4; 5; 0; 1; 2; 3; 4
1; 4; 5; 6; 7; 8; 4; 5; 6; 7; 8
2; 5; 9; 10; 11; 12; 13; 5; 9; 10; 11; 12; 13
3; 7; 14; 15; 16; 17; 18; 19; 20; 7; 14; 15; 16; 17; 18; 19; 20
4; 5; 21; 22; 23; 24; 25; 5; 21; 22; 23; 24; 25
5; 3; 26; 27; 28; 3; 26; 27; 28
6; 6; 29; 30; 11; 10; 8; 7; 6; 29; 30; 10; 31; 7; 32
7; 4; 2; 1; 31; 32; 4; 1; 33; 34; 35
8; 5; 4; 33; 34; 35; 0; 5; 36; 37; 38; 39; 4
9; 6; 36; 37; 38; 17; 16; 39; 6; 40; 41; 42; 16; 43; 44
10; 7; 40; 15; 14; 22; 21; 41; 42; 7; 45; 14; 46; 21; 47; 48; 49
11; 4; 11; 30; 43; 12; 4; 30; 50; 51; 11
12; 6; 29; 44; 45; 46; 43; 30; 6; 52; 53; 54; 55; 50; 29
13; 7; 37; 36; 33; 4; 3; 47; 48; 7; 40; 56; 36; 3; 57; 58; 59
14; 4; 40; 42; 46; 45; 4; 49; 60; 54; 61
15; 3; 25; 41; 21; 3; 62; 47; 25
16; 9; 45; 44; 6; 5; 49; 39; 16; 15; 40; 9; 53; 63; 5; 64; 65; 43; 15; 45; 61
17; 4; 48; 50; 38; 37; 4; 66; 67; 41; 59
18; 6; 51; 18; 17; 38; 50; 52; 6; 68; 17; 42; 67; 69; 70
19; 4; 7; 6; 44; 29; 4; 6; 63; 52; 32
20; 5; 51; 53; 54; 19; 18; 5; 71; 72; 73; 18; 68
21; 5; 39; 49; 34; 33; 36; 5; 65; 74; 37; 56; 44
22; 4; 55; 9; 13; 56; 4; 75; 13; 76; 77
23; 5; 56; 26; 28; 57; 55; 5; 78; 28; 79; 80; 77
24; 4; 20; 23; 22; 14; 4; 81; 22; 46; 20
25; 3; 52; 53; 51; 3; 82; 71; 70
26; 9; 8; 10; 9; 55; 57; 35; 34; 49; 5; 9; 31; 9; 75; 80; 83; 38; 74; 64; 8
27; 4; 32; 47; 3; 2; 4; 84; 57; 2; 35

# Id Frattura
49
# Id; NumVertices; Vertices; NumEdges; Edges
0; 5; 0; 1; 2; 3; 4; 5; 0; 1; 2; 3; 4
1; 4; 5; 6; 3; 2; 4; 5; 6; 2; 7
2; 5; 7; 6; 5; 8; 9; 5; 8; 5; 9; 10; 11
3; 3; 9; 10; 7; 3; 12; 13; 11
4; 5; 4; 11; 12; 13; 0; 5; 14; 15; 16; 17; 4
5; 4; 2; 1; 8; 5; 4; 1; 18; 9; 7

