# FractureId; NumTraces
0; 7
# TraceId; Tips; Length
6; 0; 5.5923417214375604e-01
4; 1; 5.2134622109310469e-01
1; 1; 4.7032589595154556e-01
5; 1; 3.7916349722085901e-01
0; 1; 3.5618104983908305e-01
2; 1; 2.1113168060349879e-01
3; 1; 4.3779563575007500e-03
# FractureId; NumTraces
1; 2
# TraceId; Tips; Length
8; 1; 3.6913757345330389e-01
7; 1; 1.6047133872752245e-01
# FractureId; NumTraces
2; 5
# TraceId; Tips; Length
11; 0; 6.3578961714677906e-01
10; 1; 9.3340054310694387e-01
0; 1; 3.5618104983908305e-01
12; 1; 3.2110792003121597e-01
9; 1; 2.2298321335259683e-01
# FractureId; NumTraces
3; 7
# TraceId; Tips; Length
14; 0; 1.9984728438610047e-01
16; 1; 6.3080222339560277e-01
13; 1; 5.3782015687356444e-01
1; 1; 4.7032589595154556e-01
15; 1; 3.2817152806461208e-01
9; 1; 2.2298321335259683e-01
7; 1; 1.6047133872752245e-01
# FractureId; NumTraces
4; 5
# TraceId; Tips; Length
18; 1; 6.6164527248996841e-01
13; 1; 5.3782015687356444e-01
8; 1; 3.6913757345330389e-01
2; 1; 2.1113168060349879e-01
17; 1; 1.1034642961174716e-01
# FractureId; NumTraces
5; 3
# TraceId; Tips; Length
20; 1; 3.2818131017035157e-01
19; 1; 2.1770511696638853e-01
3; 1; 4.3779563575007500e-03
# FractureId; NumTraces
6; 5
# TraceId; Tips; Length
10; 1; 9.3340054310694387e-01
22; 1; 6.4740370837957872e-01
4; 1; 5.2134622109310469e-01
21; 1; 5.1789811040071854e-01
14; 1; 1.9984728438610047e-01
# FractureId; NumTraces
7; 7
# TraceId; Tips; Length
23; 0; 1.9316498445824198e-01
11; 1; 6.3578961714677906e-01
24; 1; 5.2001816053350003e-01
21; 1; 5.1789811040071854e-01
5; 1; 3.7916349722085901e-01
15; 1; 3.2817152806461208e-01
17; 1; 1.1034642961174716e-01
# FractureId; NumTraces
8; 6
# TraceId; Tips; Length
18; 1; 6.6164527248996841e-01
22; 1; 6.4740370837957872e-01
16; 1; 6.3080222339560277e-01
6; 1; 5.5923417214375604e-01
19; 1; 2.1770511696638853e-01
23; 1; 1.9316498445824198e-01
# FractureId; NumTraces
9; 3
# TraceId; Tips; Length
24; 0; 5.2001816053350003e-01
20; 1; 3.2818131017035157e-01
12; 1; 3.2110792003121597e-01
