# Number of Traces
472
# TraceId; FractureId1; FractureId2; X1; Y1; Z1; X2; Y2; Z2
0; 0; 2; 5.4654852181428448e-01; 6.9052767800517734e-01; -9.0930588885243413e-02; 6.0654762549414765e-02; 1.0345903503281988e+00; 2.2650869811942531e-01
1; 0; 6; 5.2367529081676178e-01; 1.0735186819128368e+00; 4.6597960550042672e-02; 3.6781326790671803e-01; 6.8171494252089015e-01; -1.9404528350684166e-02
2; 0; 8; 4.1782091083768891e-01; 5.3004240780159462e-01; -9.0930588885243413e-02; 2.8248513440244249e-01; 5.2491838870804419e-01; -3.6254440306971975e-02
3; 0; 11; 1.6097959353991506e-01; 2.3056856008856841e-01; -8.4002032784752989e-02; 7.1815569848489885e-02; 5.8224085486615862e-01; 7.0680125497282836e-02
4; 0; 22; -2.0916890436406690e-01; 3.6573223147044065e-01; 1.1539565664922152e-01; -1.1231544745610719e-01; 7.6534186588019071e-01; 2.0859327620463808e-01
5; 0; 38; 3.6821996623174577e-02; 1.7031812661146983e-01; -5.2406984008583402e-02; 1.5149291593877620e-01; 6.2582168352711698e-01; 5.2046997701574435e-02
6; 0; 39; 3.2995350022406916e-01; 4.5531427352811710e-01; -7.9294657144429639e-02; 2.0351122525888626e-01; 1.0030330066471429e+00; 1.5643983507302264e-01
7; 1; 3; 4.5279596528032040e-01; 3.3617419485943989e-01; 6.7759570734018326e-01; -9.6835390357929291e-04; 8.3153831646382070e-01; 8.4919171765252865e-01
8; 1; 4; 4.5566810363402355e-01; 3.8173449625880229e-01; 6.9501869969472840e-01; 3.8631052466342086e-01; 6.1379397738286645e-01; 7.8067274338015524e-01
9; 1; 5; 2.2475099375301244e-01; 1.1681157113780474e+00; 9.8542638993839837e-01; 6.2282847980780554e-01; 3.7003769166801492e-01; 6.9672134289185750e-01
10; 1; 7; -1.4754722965866429e-01; 3.9427008050338946e-01; 6.7759570734018326e-01; -3.8296863823644178e-01; 6.5265985121711112e-01; 7.6714958980140180e-01
11; 1; 9; 2.4737078092931308e-01; 3.5605342080728514e-01; 6.7759570734018326e-01; 3.8178907118053834e-01; 6.6944388434470625e-01; 8.0165881330821986e-01
12; 1; 10; 5.8365501952545917e-01; 3.2351081711985608e-01; 6.7759570734018326e-01; 5.0961083307961719e-01; 7.0973632576159151e-01; 8.2167545877766002e-01
13; 1; 11; -7.0958593573146211e-02; 3.8685851211857158e-01; 6.7759570734018326e-01; -7.3415462871097431e-02; 3.9733272557026378e-01; 6.8148655805889713e-01
14; 1; 14; 6.9745247592223769e-01; 3.1249850937799600e-01; 6.7759570734018326e-01; 8.3212151409630164e-01; 3.8387255475346482e-01; 7.0967824647673006e-01
15; 1; 17; 8.6970752876353474e-01; 7.7227369332359641e-01; 8.5869098062460814e-01; 3.8808960525450215e-01; 9.2832248409340090e-01; 9.0028962219507536e-01
16; 1; 18; 8.2906501404763244e-01; 3.5228771902525091e-01; 6.9756050978110784e-01; 3.7726019182148801e-01; 4.5490379412566878e-01; 7.1994611849282864e-01
17; 1; 19; 8.7632886245431740e-01; 8.4069631187258431e-01; 8.8494178283666436e-01; 6.4053352900710481e-01; 1.1278799681823106e+00; 9.8542638993839837e-01
18; 1; 21; 8.2501555948069172e-01; 3.1044202779374713e-01; 6.8150612619801654e-01; 7.5849221411552714e-01; 4.0957655255191583e-01; 7.1674000133760329e-01
19; 1; 25; -2.7729411385841429e-01; 7.8273481981414872e-01; 8.2047770297365208e-01; -3.6786817254727322e-02; 9.5217799737434961e-01; 8.9372904543905862e-01
20; 1; 26; -6.2718862134327868e-02; 6.8592664831997141e-01; 7.9157377941339757e-01; 5.5938689219126114e-01; 6.6480779006532287e-01; 8.0642912824446267e-01
21; 1; 27; 8.2499036364008371e-01; 3.1018166251517165e-01; 6.8140623529094935e-01; 8.0147900848813969e-01; 3.3102859003747903e-01; 6.8846529129663991e-01
22; 1; 28; 5.6957841550485544e-01; 3.2487302591031175e-01; 6.7759570734018326e-01; 8.2218691665155397e-01; 4.3329187709551337e-01; 7.2809697927517969e-01
23; 1; 29; 6.9578898358420116e-01; 3.1265948740099159e-01; 6.7759570734018326e-01; 8.2896926429644568e-01; 3.5129827354378712e-01; 6.9718090230357577e-01
24; 1; 30; 8.8334043657939754e-01; 9.1315154282645639e-01; 9.1273972418024496e-01; 7.4317919471503169e-01; 7.5882469990203005e-01; 8.4892503301492628e-01
25; 1; 34; -1.4797090185180961e-01; 3.9431107973764579e-01; 6.7759570734018326e-01; 1.9772505182585121e-01; 1.1707310421502735e+00; 9.8542638993839837e-01
26; 1; 35; -3.5206503003725409e-02; 3.8339874213572989e-01; 6.7759570734018326e-01; 7.9281883252977581e-01; 6.6058617176359413e-01; 8.1341069975408509e-01
27; 1; 36; 6.5981327273671042e-01; 3.1614089736944817e-01; 6.7759570734018326e-01; 7.7108422904993268e-01; 4.0159554998409430e-01; 7.1416960880056668e-01
28; 1; 40; 8.4759839871950249e-01; 5.4380543570373685e-01; 7.7103758223532970e-01; 7.1794693722448444e-01; 1.1203885856714080e+00; 9.8542638993839837e-01
29; 1; 42; 2.0813666298046485e-01; 3.5985015049275976e-01; 6.7759570734018326e-01; 8.6684385759643268e-01; 9.6988203256510219e-01; 9.3369604633362668e-01
30; 1; 43; 8.6738234289919469e-01; 7.4824601055136153e-01; 8.4947259697540023e-01; 6.7003460018143002e-02; 7.0757113793562898e-01; 8.0457229578388478e-01
31; 1; 44; 3.8369156713745134e-01; 3.4286150512771085e-01; 6.7759570734018326e-01; 7.9465504659190478e-01; 8.3721762985273807e-01; 8.8061538259264294e-01
32; 1; 45; 1.0061783356846243e-01; 1.1801282167907832e+00; 9.8542638993839837e-01; 3.6013511649330687e-01; 3.4754451505014561e-01; 6.7850924299571480e-01
33; 1; 46; 7.1068703866665339e-01; 3.1121778586812865e-01; 6.7759570734018326e-01; 7.4354386912080228e-01; 4.3603949445264556e-01; 7.2624865775325165e-01
34; 1; 47; 6.0941598883678416e-01; 3.2101789916924928e-01; 6.7759570734018326e-01; 8.4160536768583116e-01; 4.8187548389660007e-01; 7.4727773570552491e-01
35; 1; 49; 2.0181360991184838e-02; 8.5657565059000285e-01; 8.5948627925244647e-01; -1.5414247797156524e-01; 5.9389730873264657e-01; 7.5323089079878869e-01
36; 2; 6; 7.6742058575228089e-01; 7.0093704895291475e-01; 1.8355588779262286e-02; 9.1175838116803742e-02; 8.6433129057765123e-01; -1.9404528350684166e-02
37; 2; 14; 6.1396519400573690e-01; 8.4509236854807568e-01; 1.7256629937814255e-01; 7.6343113989132871e-01; 8.6160258091136399e-01; 2.6091155030355950e-01
38; 2; 20; 3.8288654178433612e-01; 7.2782466517578581e-01; -1.0348505767099270e-01; 2.3647386637025702e-02; 1.0014082338993227e+00; 1.6040553214636352e-01
39; 2; 39; -4.8894081468948650e-02; 1.0172996151398503e+00; 1.5386778298294987e-01; 3.8997121064151918e-01; 8.5981481705771989e-01; 1.0016453088686038e-01
40; 2; 46; 7.5786323948337098e-01; 9.4618011957728321e-01; 3.8713045670184321e-01; 6.5519496031184099e-01; 7.6574584981653704e-01; 6.9389889643447777e-02
41; 3; 7; 3.3484651294720336e-02; 6.2574926615842419e-01; 3.7432569487161765e-01; -7.9471294926021702e-02; 7.4924754696803542e-01; 4.1755437961536235e-01
42; 3; 9; 3.4486165943068459e-01; 5.5017472040306969e-01; 9.8251063138572503e-01; 2.6596990992874742e-01; 4.3550608300484206e-01; 4.6094089157458656e-01
43; 3; 10; 6.3246421982423973e-01; 1.2877995748639942e-01; 5.7874580128221553e-01; 4.6256239646967984e-01; 4.2515064878956554e-01; 9.4752197896478507e-01
44; 3; 13; 5.7718272753536337e-01; 1.0707750898983148e-01; 3.7432569487161765e-01; 6.2840432616306063e-01; 1.2452417077193770e-01; 5.5642304916870799e-01
45; 3; 14; 3.1224546843333845e-01; 3.5981975642985620e-01; 3.7432569487161765e-01; 6.6914124170319433e-01; 1.6722667443640626e-01; 7.8040922796118617e-01
46; 3; 15; 3.3994559166575955e-01; 3.3339466460299566e-01; 3.7432569487161765e-01; 2.4287369216759555e-01; 4.7196266805997000e-01; 5.0054964574939609e-01
47; 3; 22; 5.8278696160203147e-02; 6.0209648646382585e-01; 3.7432569487161765e-01; 2.6662727485152438e-01; 4.7699664032329947e-01; 5.7660146622860120e-01
48; 3; 23; 4.1231632867588974e-01; 2.6435513885706224e-01; 3.7432569487161765e-01; 6.3146240131252962e-01; 1.2772980044578389e-01; 5.7323744363396800e-01
49; 3; 24; 4.1580194258415726e-01; 2.6102996709424692e-01; 3.7432569487161765e-01; 4.1672335544107547e-01; 3.3083705733965174e-01; 5.6843887957485695e-01
50; 3; 25; -2.1688286212104571e-02; 8.0981863117098962e-01; 7.3526609512833097e-01; 9.3902643182095402e-02; 5.9890663766892727e-01; 4.5889093718011675e-01
51; 3; 26; 3.1851330484109108e-01; 5.7531026524071027e-01; 9.8251063138572503e-01; 1.3403124285470047e-01; 6.8177122022003911e-01; 7.9157377941339757e-01
52; 3; 27; 5.9748131752917299e-01; 9.2109102718882757e-02; 3.8639725195665442e-01; 1.9411200291496772e-01; 5.5379878618693945e-01; 5.9753998727135682e-01
53; 3; 29; 4.8478551253827740e-01; 1.9522169774876241e-01; 3.7432569487161765e-01; 5.6377615770903067e-01; 3.4133681485665524e-01; 9.8251063138572492e-01
54; 3; 30; 3.2014038158364122e-02; 8.4862202515224028e-01; 9.8251063138572503e-01; 2.0592212244750008e-01; 6.3407385650068981e-01; 8.4892503301492628e-01
55; 3; 32; 6.5374745754723163e-01; 1.5109012812173950e-01; 6.9576867909947016e-01; 5.7055406464329605e-01; 2.1485050724090413e-01; 6.5291906350081497e-01
56; 3; 34; 1.0807580691824959e-02; 8.4388244913919175e-01; 9.1394003147948399e-01; 7.8946680751991821e-02; 6.8492025967562409e-01; 6.5591498944445692e-01
57; 3; 35; 3.6648084836838207e-02; 6.6255138612178466e-01; 4.8367642487354928e-01; 4.6947409717333938e-01; 3.9624474177036145e-01; 8.8624936661939768e-01
58; 3; 36; 6.5943902359007533e-01; 2.5007729250303207e-01; 9.8251063138572492e-01; 4.7539924944950201e-01; 2.1840924841263590e-01; 4.1341228254238283e-01
59; 3; 37; 6.6481559007976887e-01; 1.6269230672958862e-01; 7.5662524321241420e-01; 6.4628275197897089e-01; 2.6262798343337590e-01; 9.8251063138572492e-01
60; 3; 38; 3.6374705847172489e-01; 3.1068877478856133e-01; 3.7432569487161765e-01; 5.6225726496229878e-01; 2.2269400551940710e-01; 6.5272298628385006e-01
61; 3; 41; 4.4214322777795656e-01; 2.3590116624945634e-01; 3.7432569487161765e-01; 3.9329635137350893e-01; 3.7325695778694024e-01; 6.2355710275709164e-01
62; 3; 42; 4.6795995405387608e-01; 4.3274261687580129e-01; 9.8251063138572492e-01; 1.9707159750031017e-01; 5.0830760067339464e-01; 4.8036861102181955e-01
63; 3; 43; 2.2408580711597098e-01; 6.6539128319973651e-01; 9.8251063138572503e-01; 6.5669955931566354e-02; 7.2733894076092165e-01; 7.3762081487035025e-01
64; 3; 44; 3.3518874167628115e-01; 3.3793255769191316e-01; 3.7432569487161765e-01; 4.8522265175437196e-01; 4.1627451786817571e-01; 9.8251063138572492e-01
65; 3; 45; -4.1831099005586167e-02; 7.8870391186243172e-01; 6.2451368277891572e-01; 4.2230253247484789e-01; 3.9489969150753701e-01; 7.5897910793591561e-01
66; 3; 47; 3.4147341103801110e-01; 3.3193717046595334e-01; 3.7432569487161765e-01; 6.9349380805930672e-01; 1.9275427121865629e-01; 9.1430837593477365e-01
67; 3; 48; 3.8280057554521574e-01; 2.9251228748317815e-01; 3.7432569487161765e-01; 1.9207033455077083e-01; 5.9523475024147898e-01; 7.0597991397119730e-01
68; 3; 49; -3.4014259727312840e-03; 8.2898784675909998e-01; 8.3581381438542535e-01; 6.2754880108567002e-03; 8.2837665985936837e-01; 8.5948627925244647e-01
69; 4; 5; 4.6389415097888798e-01; 6.9268269796932525e-01; 8.6179942810687349e-01; 6.2545103663029866e-01; 3.7138503411986112e-01; 7.7689597846165970e-01
70; 4; 9; 3.1482714663725087e-01; 5.2024545316518134e-01; 6.9501869969472840e-01; 3.3222783682268231e-01; 5.5880152275997497e-01; 7.2412022870665105e-01
71; 4; 10; 5.7777802399488498e-01; 2.6164469938719886e-01; 6.9501869969472840e-01; 4.8383322970183296e-01; 7.0900579405752584e-01; 8.8058344223123453e-01
72; 4; 13; 6.8587127495856781e-01; 1.5533968736967774e-01; 6.9501869969472840e-01; 8.1739800651622785e-01; 2.5927533929849528e-01; 8.1697178432241813e-01
73; 4; 14; 6.1517340304275958e-01; 2.2486797018678195e-01; 6.9501869969472840e-01; 1.0690357626944897e+00; 2.8139691733067235e-01; 9.5790626873801155e-01
74; 4; 16; 7.5385780248389855e-01; 8.8477893861052037e-02; 6.9501869969472840e-01; 8.8421809633527704e-01; 4.4813741157020259e-01; 9.5005458365164497e-01
75; 4; 17; 5.5963585564386720e-01; 7.9003494800563301e-01; 9.6191342713511796e-01; 9.9801172068563582e-01; 5.1739306829350085e-01; 1.0447615001974575e+00
76; 4; 18; 3.8219777862861004e-01; 4.7211626801758022e-01; 7.0449473818896469e-01; 5.0939049418120086e-01; 4.0137593893758322e-01; 7.3290584835305039e-01
77; 4; 23; 7.9927988754431800e-01; 4.3807248328972814e-02; 6.9501869969472840e-01; 9.5830621934835147e-01; 1.9270189856700481e-03; 7.5488281501409549e-01
78; 4; 26; 4.2913562750071182e-01; 6.5733947444535545e-01; 8.2545356610353915e-01; 5.5859453030240180e-01; 6.2729124999453956e-01; 8.7630199994249491e-01
79; 4; 28; 5.3310637647925663e-01; 3.0557732222585182e-01; 6.9501869969472840e-01; 5.8036380986385072e-01; 3.2237778816496621e-01; 7.2809697927517969e-01
80; 4; 29; 5.5850623568819391e-01; 2.8059766517624918e-01; 6.9501869969472840e-01; 1.0423631269215001e+00; 4.7908030157632708e-01; 1.0475347020236319e+00
81; 4; 32; 6.7605362585530293e-01; 1.6499491835405272e-01; 6.9501869969472840e-01; 1.4687414965162373e+00; -9.5587073289497726e-02; 9.6632754059203174e-01
82; 4; 33; 1.3234371730281480e+00; -2.4333567334908354e-01; 8.1438751663497644e-01; 7.9957020098879283e-01; 1.3630395255308758e-01; 7.4352162894876683e-01
83; 4; 35; 3.1231217474386025e-01; 5.3855084390356134e-01; 7.0329506603607927e-01; 6.9142226410614560e-01; 5.1568946456199927e-01; 8.8624936661939768e-01
84; 4; 36; 5.8769789182553500e-01; 2.5188894072929918e-01; 6.9501869969472840e-01; 7.8718383419360893e-01; 3.8240339543219748e-01; 8.6580484586992978e-01
85; 4; 37; 6.8974091348746380e-01; 1.5153406614309473e-01; 6.9501869969472840e-01; 8.7703288526000067e-01; 4.2501399086338432e-01; 9.3427255087296623e-01
86; 4; 40; 6.9325989956466516e-01; 9.2590678546831406e-01; 1.1016397611297764e+00; 8.8459777304635534e-01; 1.1400889322831760e-01; 7.7558040094500202e-01
87; 4; 42; 3.3357598082882844e-01; 5.0180679000831319e-01; 6.9501869969472840e-01; 7.7735368470998267e-01; 7.5720939030109724e-01; 1.0566850206680658e+00
88; 4; 43; 4.8349587551617745e-01; 7.1261415829765862e-01; 8.8229631646022999e-01; 9.5916642395182317e-01; 6.7759848224583341e-01; 1.1085397894129378e+00
89; 4; 44; 4.3323042378052368e-01; 4.0380097871914555e-01; 6.9501869969472840e-01; 8.1580119414813557e-01; 8.2083885981210092e-01; 1.1097143854893323e+00
90; 4; 47; 5.7071172211968191e-01; 2.6859410001180656e-01; 6.9501869969472840e-01; 1.0298643635474332e+00; 4.2699846651917861e-01; 1.0138825726727001e+00
91; 5; 10; 5.9058810128963179e-01; 4.2942778675005683e-01; 6.5491065861714337e-01; 4.5899331479123973e-01; 7.0830183624179965e-01; 9.3734858347017969e-01
92; 5; 17; 3.6941482526809627e-01; 8.8358822164602602e-01; 9.4884114155709876e-01; 4.4233807064313196e-01; 7.4936477389598843e-01; 1.0447615001974573e+00
93; 5; 18; 5.6486498989018663e-01; 4.7949695899645306e-01; 6.5491065861714337e-01; 6.2395499521358733e-01; 3.7061644062622645e-01; 7.3116023906664462e-01
94; 5; 21; 5.2732592637445141e-01; 5.5256548511488757e-01; 6.5491065861714337e-01; 4.6683267427925446e-01; 6.7528929029609441e-01; 7.1674000133760318e-01
95; 5; 25; 3.5323676487640027e-01; 8.9142418995510542e-01; 6.5491065861714337e-01; 2.6662386328589344e-01; 1.0792322251526629e+00; 8.9372904543905873e-01
96; 5; 26; 4.7024463384778287e-01; 6.7467028081985880e-01; 7.9157377941339757e-01; 5.5650602131044646e-01; 5.2840508145647080e-01; 1.0604730496697414e+00
97; 5; 29; 6.3477384230195877e-01; 3.7617463934175999e-01; 1.0619050737089655e+00; 6.2914864462278697e-01; 3.9504806912951668e-01; 1.1603724531918205e+00
98; 5; 30; 4.6282550975738340e-01; 6.9372670407383463e-01; 8.4892503301492628e-01; 1.6631611198204610e-01; 1.2993130668629227e+00; 1.2023360017799849e+00
99; 5; 34; 3.0193726227902251e-01; 9.9135777212046927e-01; 6.5591498944445692e-01; 1.2164276406352614e-01; 1.3959182310853324e+00; 1.3222487956077360e+00
100; 5; 35; 4.6224558580581349e-01; 6.7924218184822105e-01; 6.5491065861714337e-01; 5.8520329347108757e-01; 4.5852613819598947e-01; 8.8624936661939768e-01
101; 5; 42; 4.5727365419381316e-01; 6.8891987971349233e-01; 6.5491065861714337e-01; 5.7093172896932409e-01; 5.0002108410376667e-01; 1.0566850206680660e+00
102; 5; 43; 4.1289871770524067e-01; 7.7529420294241402e-01; 6.5491065861714337e-01; 5.0896140969331616e-01; 6.2960022326642617e-01; 1.1679740435271062e+00
103; 5; 44; 5.3318776242036781e-01; 5.4115561816273283e-01; 6.5491065861714337e-01; 5.7128390111725236e-01; 5.0360313588462902e-01; 1.1097143854893323e+00
104; 5; 45; 4.5873151171140791e-01; 7.1282220032621202e-01; 9.8718727345325197e-01; 5.6456835545519002e-01; 5.0326873089451263e-01; 9.4312881691262229e-01
105; 5; 48; 4.8888906176934610e-01; 6.2738155089478176e-01; 6.5491065861714337e-01; 4.5122633404601353e-01; 7.0747175277988150e-01; 7.3917235169736406e-01
106; 5; 49; 1.4806878059286682e-01; 1.2907767793451956e+00; 6.5491065861714337e-01; 1.9620996388755957e-01; 1.2135348252080560e+00; 8.5948627925244636e-01
107; 6; 20; 2.2972222286192934e-01; 7.7287282511317690e-01; -1.9404528350684166e-02; 2.9657754983339119e-01; 9.0477555487677985e-01; 4.0823828972872955e-03
108; 6; 31; 4.6856774050298794e-01; 6.1520400851644685e-01; -1.9404528350684166e-02; 4.8718853209635971e-01; 6.4749825309261977e-01; -1.3455762972678836e-02
109; 6; 46; 7.5693955604400176e-01; 1.3063728467241604e+00; 9.8210425840754553e-02; 7.1706819565690438e-01; 1.1166813716207262e+00; 6.9389889643447777e-02
110; 7; 9; 4.3927464510044312e-02; -1.6540183334928049e-01; 7.9521424746537539e-01; 1.7552205782744074e-01; 2.1174591332922010e-01; 4.6094089157458656e-01
111; 7; 11; -3.9028559630701468e-02; 5.6766965089659338e-01; 4.7692601200333246e-01; -4.8753962797910624e-02; 2.0973103438722840e-01; 6.8148655805889724e-01
112; 7; 12; 2.8007129027637878e-01; 3.6819774651573123e-01; 2.7339017868663329e-01; 1.9269553009201384e-01; 3.5921962688393089e-01; 3.6377715850204789e-01
113; 7; 13; 4.7164186062019547e-01; 2.4202949692600548e-02; 2.7339017868663329e-01; 4.5317745434013845e-01; 1.4724152053729195e-03; 3.0384318473122784e-01
114; 7; 14; 2.4731034560761378e-01; 4.2702512529755471e-01; 2.7339017868663329e-01; 1.2383299571784220e-01; -2.6619447587679501e-01; 7.7195191732516277e-01
115; 7; 15; 4.2096760610347406e-01; 1.1519646636563710e-01; 2.7339017868663329e-01; 2.5809923333256374e-01; -9.2228156227194269e-03; 5.0054964574939620e-01
116; 7; 21; 2.8863751453412156e-01; 3.5281575664226056e-01; 2.7339017868663329e-01; 7.9659691099455573e-02; 6.1222836294896710e-01; 3.3651240773839647e-01
117; 7; 22; 6.9977456465767363e-03; 7.6511802887700242e-01; 3.2429887862538193e-01; 2.6542857923967111e-01; -1.6195133955160901e-01; 5.7660146622860131e-01
118; 7; 23; 2.9928357649489451e-01; 3.3369909423117139e-01; 2.7339017868663329e-01; -3.8576609669108197e-02; -1.7252917869193918e-02; 7.9521424746537539e-01
119; 7; 25; -1.3050653959236991e-02; 5.5411959011864442e-01; 4.5889093718011675e-01; -2.0861859142989414e-01; 6.1873486986461557e-01; 6.1503908311219491e-01
120; 7; 27; 4.6745891747637736e-01; 3.1714075615011106e-02; 2.7339017868663329e-01; 1.1004848219889274e-01; 3.9805577730602593e-01; 4.2348272887543542e-01
121; 7; 29; 4.0023991361558364e-01; 1.5241626663656288e-01; 2.7339017868663329e-01; -1.1809692083039702e-01; 1.2553818638103464e-01; 7.9521424746537539e-01
122; 7; 31; 4.5771050540917346e-02; 7.8892032002354839e-01; 2.7339017868663329e-01; 3.8582464111573178e-02; 7.9231276063183242e-01; 2.7857543048127564e-01
123; 7; 34; -1.2849620316989457e-01; 3.9984866208574132e-01; 6.5591498944445692e-01; -2.0278435451182042e-01; 3.7968015411131162e-01; 7.3959387469603566e-01
124; 7; 35; -6.7541174579401370e-02; 6.0648037917985120e-01; 4.8367642487354928e-01; -9.9770329145342007e-02; 4.3237754392765987e-01; 6.1008220521371270e-01
125; 7; 36; 6.6878153649146621e-02; -2.0661337034678029e-01; 7.9521424746537539e-01; 3.0158511059048332e-01; 7.2602846299134938e-02; 4.1341228254238283e-01
126; 7; 38; 2.9210430131736476e-01; 3.4659060100906208e-01; 2.7339017868663329e-01; 3.7957588485494598e-01; -1.2377135905691850e-01; 4.4410688609264765e-01
127; 7; 41; 3.9885269485609470e-01; 1.5490723398328624e-01; 2.7339017868663329e-01; 6.1034508493011397e-03; 2.1753603864225715e-01; 6.2355710275709153e-01
128; 7; 44; 2.5706689418370765e-01; 2.3800909181337770e-01; 3.6684049542552333e-01; 9.1132498587590066e-02; -3.6981093508204638e-02; 6.7904764687742358e-01
129; 7; 47; 1.0158787380669038e-01; -2.6894007904714601e-01; 7.9521424746537539e-01; 2.7306661608412180e-01; 3.3203526701780611e-01; 2.9994936928164978e-01
130; 7; 48; 3.8301282215408217e-01; 1.8335019253403811e-01; 2.7339017868663329e-01; 3.0187760011587877e-01; 2.2236145186833656e-01; 3.3152105156830119e-01
131; 7; 49; -1.7465307832443477e-01; 7.6867070659162851e-01; 5.0010317660100279e-01; -2.0277802773138426e-01; 6.1788113793238242e-01; 6.0978946436085746e-01
132; 8; 12; 2.7959336459326156e-01; 2.1064038864591772e-01; 1.6511825992570550e-01; 7.2890180533345861e-01; 4.5615422899561908e-01; -1.6201749253961867e-01
133; 8; 15; 5.0164092380973369e-01; 7.8274143206678026e-02; 1.6511825992570547e-01; 6.3660408589657258e-01; 3.0132280849551540e-01; -2.8289189421111527e-02
134; 8; 20; 3.4453144957773790e-01; 6.2900257419908367e-01; -1.2615218978628773e-01; 5.8354744766299915e-01; 6.4108442986912573e-01; -2.2464789408461330e-01
135; 8; 24; 7.2671362012242335e-01; 2.1756925936282989e-01; -9.1475786817765137e-03; 4.2290183064078229e-01; 1.7652599247275930e-01; 1.3241822150842400e-01
136; 8; 31; 2.4398217031222291e-01; 4.6032874071687846e-01; 1.9531786646467264e-02; 5.6271783113381080e-01; 4.9447663407503761e-01; -1.2330915068863516e-01
137; 8; 38; 2.0458016544342650e-01; 2.5535700505407077e-01; 1.6511825992570550e-01; 1.7665206340343048e-01; 3.4738086755427344e-01; 1.1708512347560078e-01
138; 8; 41; 4.5178847020192736e-01; 1.0799202046362233e-01; 1.6511825992570547e-01; 5.9881594758409218e-01; 1.2508011585936643e-01; 9.8376583048174093e-02
139; 9; 11; 5.2277564017910227e-02; -9.3150313675912755e-02; 4.6094089157458656e-01; 9.4611241956614189e-03; -2.3311505120980147e-01; 6.8148655805889724e-01
140; 9; 14; 1.3571541565862608e-01; 1.1326772065821855e-01; 4.6094089157458656e-01; -1.0019234634827647e-02; -2.8336965696719629e-01; 6.9484529693148667e-01
141; 9; 15; 2.7259379136164746e-01; 4.5189299323988907e-01; 4.6094089157458656e-01; 2.4579959338992940e-01; 3.7949296996372939e-01; 5.0054964574939609e-01
142; 9; 21; 3.0823134706550748e-01; 5.4005722628534070e-01; 4.6094089157458656e-01; 3.7292862350252581e-01; 6.7302543535217119e-01; 6.3643674768148117e-01
143; 9; 22; 1.4672883681111615e-01; 1.4051397281940903e-01; 4.6094089157458656e-01; 2.6651849182043424e-01; 4.1901136259941546e-01; 5.7660146622860120e-01
144; 9; 23; 1.7384415957828717e-01; 2.0759493806329005e-01; 4.6094089157458656e-01; 7.9482491919105724e-02; -9.4902762208127475e-02; 9.0834240800497035e-01
145; 9; 26; 3.2953622654716486e-01; 4.8693416308330367e-01; 1.1466003649541578e+00; 3.8196318009527019e-01; 6.6937350641555105e-01; 8.0490544774266470e-01
146; 9; 27; 2.3997883637583400e-01; 3.7120641316041630e-01; 4.6094089157458656e-01; 3.3886620635318354e-01; 5.8072750850083787e-01; 6.8846529129663980e-01
147; 9; 29; 1.3985618205449632e-01; 1.2351161888024886e-01; 4.6094089157458656e-01; 2.5160325481700496e-01; 2.9413472592105733e-01; 1.1466003649541578e+00
148; 9; 35; 3.7207475989030475e-01; 6.7337058225577262e-01; 6.2051462784043010e-01; 2.2302266717945607e-01; 2.6361322178968899e-01; 8.8624936661939779e-01
149; 9; 36; 1.9476933026007115e-02; -1.7429624014849587e-01; 4.6094089157458656e-01; 2.1957695525176152e-03; -2.8820940164694198e-01; 9.2198677512454308e-01
150; 9; 41; 1.6175977398664435e-01; 1.7769921243143083e-01; 4.6094089157458656e-01; 2.2332069765301155e-01; 3.0489629054913958e-01; 6.2355710275709153e-01
151; 9; 42; 3.6752322608163740e-01; 6.7521039341321509e-01; 5.3564151025472340e-01; 2.1265178534184700e-01; 2.4814764595116023e-01; 8.2022224259818721e-01
152; 9; 43; 3.8642560645781249e-01; 6.2767357265258350e-01; 1.1466003649541578e+00; 3.9369373301784327e-01; 6.6463180767021346e-01; 1.0236467862442025e+00
153; 9; 44; 9.2625861852891456e-02; 6.6678883037836201e-03; 4.6094089157458656e-01; 8.7139931498611378e-02; -3.3903723517350583e-02; 6.3587070147306091e-01
154; 9; 45; 3.8706762202129436e-01; 6.6731019993408913e-01; 9.0008872397624384e-01; 2.0672333223700398e-01; 2.8114444034268143e-01; 5.1141630520968284e-01
155; 9; 47; 9.9627925903300996e-02; 2.3990389652343236e-02; 4.6094089157458656e-01; 3.3488939931840267e-03; -2.4516792030553544e-01; 6.6160758478223269e-01
156; 9; 48; 3.7770819284259083e-01; 6.7109344816515382e-01; 7.2556207722114019e-01; 2.5154076366178008e-01; 3.9329059887619433e-01; 5.0317703825149795e-01
157; 10; 13; 7.7493587545182652e-01; 3.1749310601268443e-01; 2.4121344727442845e-01; 5.3210835284141189e-01; -1.1425884614332971e-02; 8.1697178432241802e-01
158; 10; 14; 7.1557643481735733e-01; 7.1557334636475800e-01; 3.5099484191205560e-01; 4.7986539167370779e-01; -1.8540430061895419e-01; 9.4752197896478507e-01
159; 10; 16; 7.4598287692346588e-01; -1.4659161882923633e-01; 3.3735635241855499e-01; 5.9609857957294421e-01; -1.6332086411357347e-01; 6.8068548432664255e-01
160; 10; 18; 6.7987750263542535e-01; 7.1456164634835284e-01; 4.3257543245275398e-01; 5.5761774745117487e-01; 3.8754142270331549e-01; 7.3290584835305039e-01
161; 10; 21; 5.5892031999475011e-01; 5.9139400448025481e-01; 7.1674000133760318e-01; 7.8625214528723686e-01; -1.3215372197971428e-01; 2.4447100775520453e-01
162; 10; 23; 7.9365236232959202e-01; 3.8332090437082766e-01; 1.9421633034161467e-01; 4.9455526541688594e-01; -9.8299772729975546e-02; 9.0834240800497035e-01
163; 10; 24; 7.9569501299373968e-01; 3.1124376060454695e-01; 1.9421633034161467e-01; 6.2943133525492423e-01; 3.9507426566052739e-01; 5.6843887957485695e-01
164; 10; 26; 4.5785767204527816e-01; 5.9116195198017663e-01; 9.4752197896478507e-01; 5.2381946734961227e-01; 6.7353876239655164e-01; 7.9157377941339757e-01
165; 10; 27; 8.1147165267378751e-01; -2.4545207893690413e-01; 1.9421633034161467e-01; 5.7522072777995381e-01; 4.5315328638285080e-01; 6.8846529129663980e-01
166; 10; 28; 7.9041949814076196e-01; 4.9739602304139408e-01; 1.9421633034161467e-01; 5.6181162490792902e-01; 3.1386868115947431e-01; 7.2809697927517969e-01
167; 10; 29; 4.6586320881373833e-01; 3.0867790577773813e-01; 9.4752197896478507e-01; 7.7395804966029180e-01; 2.4428592500069279e-01; 2.4818354455504210e-01
168; 10; 32; 4.9745027052499707e-01; -5.2459162499564682e-01; 9.2931779830545003e-01; 5.9713594080650134e-01; 2.2915683423522915e-01; 6.5291906350081497e-01
169; 10; 35; 5.7295566444887824e-01; 7.1153150458119507e-01; 6.7691738241646382e-01; 4.8990387713461997e-01; 4.0723933315578198e-01; 8.8624936661939768e-01
170; 10; 36; 4.7177158184173601e-01; 1.0019455635416363e-01; 9.4752197896478507e-01; 6.9706109506667358e-01; 4.0435336324378157e-01; 4.1341228254238283e-01
171; 10; 37; 4.7168141744327136e-01; 1.0337610492965088e-01; 9.4752197896478507e-01; 6.3125976767900560e-01; 4.9014657368557146e-02; 5.8665776211683029e-01
172; 10; 38; 5.8903234096052570e-01; 5.8982538688442110e-01; 6.4808356757433372e-01; 5.8839961720957634e-01; 5.4045752115347734e-01; 6.5272298628385006e-01
173; 10; 42; 5.3956817376370114e-01; 7.1058531031684624e-01; 7.5321577680225937e-01; 4.6175079395965829e-01; 4.5378892346993210e-01; 9.4752197896478507e-01
174; 10; 43; 4.7805969013330701e-01; 7.0884217319496268e-01; 8.9377735977224226e-01; 4.5501844281673615e-01; 6.9134723421316935e-01; 9.4752197896478507e-01
175; 10; 44; 6.4504423510809361e-01; 7.1357447908101690e-01; 5.1217777240117701e-01; 4.6342573970199052e-01; 3.9468664661478925e-01; 9.4752197896478507e-01
176; 10; 45; 4.5611405574927211e-01; 6.5268734378910698e-01; 9.4752197896478507e-01; 5.0016907383931708e-01; 4.5421346140165780e-01; 8.5977001211021642e-01
177; 10; 46; 7.1130319190034008e-01; 7.1545224358478643e-01; 3.6076022309817868e-01; 6.6806286008385796e-01; 3.1232209576762249e-01; 4.8558245314712611e-01
178; 10; 47; 7.1723048141267731e-01; 7.1562022168750139e-01; 3.4721495019595727e-01; 4.7588329660846090e-01; -4.4891757996520898e-02; 9.4752197896478507e-01
179; 10; 48; 5.5683281101778181e-01; 7.1107458640230914e-01; 7.1376195517305974e-01; 7.7900380333746522e-01; 2.5917819276696108e-01; 2.3569834850292165e-01
180; 11; 12; 2.2294448034524045e-01; -2.4080250509993384e-01; -8.4002032784752989e-02; 4.9841298421381103e-02; 1.3053938475481602e-01; 3.6377715850204784e-01
181; 11; 14; 1.1661537193133578e-02; -2.4985374100571245e-01; 6.8148655805889724e-01; 6.7412972940020910e-02; 4.0060362203810329e-01; 1.7256629937814255e-01
182; 11; 20; 1.2592385962805636e-01; 4.9723988778600592e-01; -8.4002032784752989e-02; 1.0150889605342929e-01; 5.8614424167337986e-01; -3.8146491519935516e-02
183; 11; 21; 5.4474243846576065e-02; 4.7061124293012702e-01; 1.8602534096163387e-01; 2.7927991421003388e-02; 5.5544507189841918e-01; 2.4148723495030688e-01
184; 11; 22; 3.4572906777863843e-03; 5.7325470076413376e-01; 3.2121454578828934e-01; 1.1219301645315466e-01; -4.8060141801824607e-01; 4.2857942915743596e-01
185; 11; 23; -2.9039139751617718e-02; 5.9759048340845999e-02; 6.8148655805889724e-01; 6.4141766369559428e-02; 3.9379095483539311e-01; 1.8757820061827368e-01
186; 11; 27; 1.2318068575284402e-01; 5.6949329275854221e-02; 1.3440567176761081e-01; 4.8480665249669194e-02; 2.8399016382443676e-01; 2.9600382563275252e-01
187; 11; 29; -3.7355878593971971e-02; 1.2302504056853131e-01; 6.8148655805889724e-01; 9.0317240959518597e-02; 6.6706893606900991e-02; 2.4818354455504210e-01
188; 11; 31; 1.6991880087752292e-01; 1.6256740811507731e-01; -8.4002032784752989e-02; 4.3249470988402053e-02; 5.7848564965086346e-01; 1.7537543241125342e-01
189; 11; 35; -5.1655669808882518e-02; 5.6600973260577414e-01; 5.2320461595328460e-01; -6.7599493117524348e-02; 3.7259877833476179e-01; 6.7224718281881635e-01
190; 11; 36; 9.1224960694344659e-03; -2.3053908425832681e-01; 6.8148655805889724e-01; 6.9295990582837641e-02; -1.2225610511158741e-01; 4.1341228254238283e-01
191; 11; 38; 9.6117138650747086e-02; 5.8543545901400018e-01; -1.8385595961732892e-02; 1.8309042135466030e-01; -6.0429661531358447e-01; 2.3173596813135228e-01
192; 11; 39; 9.9319495104413708e-02; 5.8585643023989076e-01; -3.0122294536034822e-02; 1.2801121703707138e-01; 4.7142180704690095e-01; -7.9294657144429639e-02
193; 11; 41; 1.4805613593459821e-01; -5.6206090805352299e-02; 9.8376583048174093e-02; -3.1702052826777627e-02; 2.0233145257366883e-01; 6.2355710275709153e-01
194; 11; 44; 6.7238846330834323e-02; -8.2730317775254469e-03; 3.6684049542552333e-01; 6.3756139069601273e-02; -1.5880086220925432e-02; 3.8299061040549010e-01
195; 11; 47; 1.2232155944152556e-02; -2.5419447625678093e-01; 6.8148655805889724e-01; 6.7005512565624537e-02; 1.3473956491037872e-01; 2.9994936928164978e-01
196; 12; 14; 8.5928766346404784e-02; 1.8830799830172285e-01; 3.6377715850204784e-01; 4.5932242069356305e-01; 6.2455774085315363e-01; 2.5227045729502895e-01
197; 12; 15; 3.3944137312245087e-01; 5.9412953835937854e-01; 3.6377715850204789e-01; 6.3055859382360191e-01; 4.9238353965201875e-01; -2.8289189421111527e-02
198; 12; 21; 2.6429414335249807e-01; 4.7383428005197076e-01; 3.6377715850204789e-01; 2.8938807337424105e-01; 2.5659596740440516e-01; 1.8602534096163387e-01
199; 12; 22; -8.5047936796966428e-02; -2.6909936787229838e-01; 2.3691819893367988e-01; 4.6506550705355226e-02; 1.2520113956444218e-01; 3.6377715850204784e-01
200; 12; 23; 1.3929718648771289e-01; 2.7373986193808425e-01; 3.6377715850204789e-01; 3.7211310449796486e-01; 3.9127047663771763e-01; 1.8757820061827368e-01
201; 12; 27; 1.5776953987997383e-01; 3.0331030025856992e-01; 3.6377715850204789e-01; 1.8913068861540649e-01; 2.1352293674074152e-02; 1.3440567176761081e-01
202; 12; 28; 4.9335505076298841e-01; 3.8274131653027754e-01; 4.7665379338182268e-02; 4.8852587077421139e-01; 3.8001694414435216e-01; 5.1122345257972768e-02
203; 12; 29; 1.2202617707510494e-02; 7.0287598592027767e-02; 3.6377715850204784e-01; 1.1922686518446657e-01; 7.4216309373904707e-02; 2.4818354455504210e-01
204; 12; 38; 5.1908123196616640e-02; -3.5465443175041850e-01; 2.6444963422867784e-02; 3.6594402829048295e-01; 6.0817882573165216e-01; 3.4418228449351368e-01
205; 12; 41; 5.6874057108180498e-04; 5.1664154194574874e-02; 3.6377715850204784e-01; 1.8173541257402032e-01; -4.2660987299274561e-02; 9.8376583048174093e-02
206; 12; 47; -5.6675683763324727e-02; -3.9972394924361693e-02; 3.6377715850204784e-01; 1.7450056109459000e-01; 2.3766200252942427e-01; 2.9994936928164978e-01
207; 13; 14; 7.0714321877069053e-01; 1.5465848551316383e-01; 8.1697178432241802e-01; 1.0597371242589944e+00; 4.9725883735704318e-01; 7.7000034803743556e-01
208; 13; 15; 4.4800978559608828e-01; 7.2845459999947293e-03; 2.4121344727442845e-01; 4.4784673616514858e-01; 7.0904124940391784e-03; 2.4144385733110471e-01
209; 13; 16; 8.1225258758272345e-01; 2.5439303394706625e-01; 8.1697178432241802e-01; 1.1094381395139479e+00; 5.7418199200290210e-01; 5.9603929322432858e-01
210; 13; 18; 1.0959564359239875e+00; 5.8839024157241604e-01; 4.3822767974075566e-01; 8.4925146018962616e-01; 3.0388309551735082e-01; 7.3290584835305050e-01
211; 13; 19; 1.1134981232783820e+00; 5.4023422783782471e-01; 8.1697178432241813e-01; 1.1205447997924953e+00; 5.6247677981896682e-01; 7.2604956731733861e-01
212; 13; 21; 5.3680528880272460e-01; 9.1539446541849867e-02; 2.4121344727442845e-01; 8.6013510956663164e-01; 3.1697607722469179e-01; 7.1674000133760329e-01
213; 13; 23; 8.1059143203013517e-01; 3.5132539779303390e-01; 2.4121344727442845e-01; 5.0572945817748849e-01; -3.6455881247617769e-02; 8.1697178432241802e-01
214; 13; 24; 7.8160681334188120e-01; 3.2382292214244346e-01; 2.4121344727442845e-01; 1.0493496452951183e+00; 5.2188840767536204e-01; 5.6843887957485695e-01
215; 13; 27; 4.4796806073751688e-01; 6.9625495877217317e-03; 2.4286403590074010e-01; 8.4505727391949470e-01; 3.0750687663806447e-01; 6.8846529129663991e-01
216; 13; 29; 9.8247389698132692e-01; 4.1590999117527661e-01; 8.1697178432241813e-01; 6.7080056187671766e-01; 2.1749026486969847e-01; 2.4818354455504210e-01
217; 13; 32; 4.9004440644883862e-01; -3.7381343366934446e-02; 7.3539348233814006e-01; 9.6437353160346695e-01; 4.2680357016509735e-01; 6.5291906350081497e-01
218; 13; 33; 7.4505623047101965e-01; 1.9063279631378877e-01; 8.1697178432241802e-01; 7.2972517671997972e-01; 1.8865255631906086e-01; 7.4352162894876683e-01
219; 13; 37; 4.8394722432846798e-01; -3.0955576425913948e-02; 6.6402222412152800e-01; 9.2204795814931739e-01; 3.6944754624763165e-01; 7.5341837145914403e-01
220; 13; 38; 4.7524942437267576e-01; -2.1789041080215382e-02; 5.6220913828843777e-01; 5.4642586754197120e-01; 3.0261417430196946e-02; 6.5272298628385006e-01
221; 13; 40; 8.5343865453655610e-01; 2.9347303067651781e-01; 8.1697178432241813e-01; 1.0012680572281882e+00; 5.1273198791332331e-01; 3.5530122333459374e-01
222; 13; 48; 6.9310991727847127e-01; 2.3985135931753432e-01; 2.4121344727442845e-01; 1.0971487960758535e+00; 5.8713362363081778e-01; 4.5218498700269566e-01
223; 14; 15; 4.4650225705242463e-01; 6.5818690580020900e-01; 2.1521873485086579e-01; 2.5270317034353224e-01; 1.6131346622278653e-01; 5.0054964574939609e-01
224; 14; 16; 1.0313917808123108e+00; 5.3211283656241548e-01; 7.2129968865851302e-01; 5.2698005064787634e-01; -1.1842300218193468e-01; 9.2341403406296807e-01
225; 14; 18; 7.9490196207024233e-01; 7.9172675800116787e-01; 3.4120428592142854e-01; 7.8898311252341924e-01; 3.2117173166532192e-01; 7.3290584835305039e-01
226; 14; 21; 1.1045837071836206e-01; 4.1960761167681571e-01; 1.8602534096163387e-01; 8.1299576422750364e-01; 3.5992178204394565e-01; 7.1674000133760329e-01
227; 14; 22; -1.5048255332365512e-01; 2.2339803105135125e-01; 1.7256629937814255e-01; 2.6588550562265312e-01; 8.1606896977258869e-02; 5.7660146622860131e-01
228; 14; 23; 8.0816242912485514e-02; 3.9365448871215092e-01; 1.8757820061827368e-01; 5.2933855431559884e-01; -9.8584443770616662e-02; 9.0834240800497035e-01
229; 14; 24; 3.8810329906770002e-01; 2.9175399731420415e-01; 4.8345566987582089e-01; 6.4528387780634766e-01; 3.9986168867673261e-01; 5.6843887957485695e-01
230; 14; 27; 3.5470446210317988e-02; 2.5988635943784699e-01; 2.6906558847791900e-01; 7.6219916307592672e-01; 3.5223019723808613e-01; 6.8846529129663991e-01
231; 14; 28; 1.0326919182063685e+00; 5.3051416171183197e-01; 7.2353347878678953e-01; 5.1625741115709189e-01; 3.1955458705285511e-01; 5.4772866131156961e-01
232; 14; 29; 1.0538707128400640e+00; 4.3477858823881632e-01; 8.1853550803938790e-01; -2.7026750205033345e-01; -1.7629853439615012e-02; 2.9334769865491328e-01
233; 14; 32; 4.8407239100738425e-01; 1.6830619658143192e-01; 6.5291906350081497e-01; 2.4108431638546146e-01; -8.8439787232206912e-02; 7.0265210506393894e-01
234; 14; 33; 8.7211559163159569e-01; 1.2124973171023204e-01; 9.5790626873801155e-01; 6.8384167747841595e-01; 2.2304208007308807e-01; 7.4352162894876683e-01
235; 14; 36; -2.5574012377942379e-02; -2.5510536326055949e-01; 6.6043517626164883e-01; 7.6317622551455677e-01; 4.1102259025579280e-01; 6.3968753423222957e-01
236; 14; 37; 9.1683885785206698e-01; 3.7587764098227239e-01; 7.7434664057602254e-01; 2.2913922340150228e-01; -1.8188506282482397e-01; 7.7307205664184064e-01
237; 14; 38; 2.3312103741975376e-01; 5.3536726772153020e-01; 1.7256629937814255e-01; 5.6308869063998812e-01; 2.3280008716929124e-01; 6.5272298628385006e-01
238; 14; 40; 9.2253760601851531e-01; 6.6596209927820316e-01; 5.3427531555194752e-01; 8.2643295902290759e-01; 1.0877861704873605e-01; 9.3714909741112440e-01
239; 14; 41; -2.9711731264534130e-01; -8.7158061119553931e-02; 3.3345829183662912e-01; 5.0966851677085756e-01; 3.5217230383140780e-01; 5.1578962027288922e-01
240; 14; 44; 4.3436449854146958e-01; 4.6803426987690699e-01; 3.6684049542552333e-01; 7.8241190757319640e-02; -2.7044798644369511e-02; 5.3963676611479106e-01
241; 14; 46; 7.0528700016639800e-01; 9.1936068836247520e-01; 1.7256629937814255e-01; 7.1344385216414830e-01; 3.0432099975790322e-01; 6.9541090433871799e-01
242; 14; 47; 7.7775849759418370e-01; 7.8200446243837018e-01; 3.3765532606567356e-01; 1.7839571559308404e-02; -2.6030238587225352e-01; 6.9449977381602324e-01
243; 14; 48; 9.3477936463061095e-01; 6.5090938891888461e-01; 5.5530810767486005e-01; 2.8010501605641169e-01; 2.9629476757909307e-01; 4.0576875290683756e-01
244; 15; 21; 2.3730394391452814e-01; 6.4798807025122684e-01; 5.0054964574939609e-01; 4.8632326864942221e-01; 7.7180646636471395e-02; 1.8602534096163387e-01
245; 15; 23; 2.5210855093402729e-01; 1.8010571965205024e-01; 5.0054964574939609e-01; 4.7527135828139799e-01; 3.9042621583360670e-01; 1.8757820061827368e-01
246; 15; 24; 6.2615920742748743e-01; 1.8720211111798835e-01; -9.1475786817765137e-03; 4.0760114764191979e-01; 2.2719098018833650e-01; 2.8676705392737051e-01
247; 15; 27; 2.4469419605771572e-01; 4.1442776434638362e-01; 5.0054964574939609e-01; 5.3184777784166593e-01; -1.6363196556772419e-01; 1.3440567176761081e-01
248; 15; 28; 5.7703926260163807e-01; 4.2112374506347472e-01; 4.7665379338182268e-02; 4.9472409267283318e-01; 3.6650312195515428e-01; 1.6211784354834136e-01
249; 15; 29; 2.5271288822788679e-01; 1.6100634381361639e-01; 5.0054964574939609e-01; 4.3815246512897443e-01; 1.5705878806159571e-01; 2.4818354455504210e-01
250; 15; 36; 2.5728064371038578e-01; 1.6647755348617954e-02; 5.0054964574939620e-01; 3.1903275292228400e-01; 8.7239043161270013e-02; 4.1341228254238283e-01
251; 15; 38; 3.3607288014927267e-01; -3.2978222445563626e-01; 4.0817626679679420e-01; 3.5965756506967134e-01; 6.0869601202844936e-01; 3.3561857169305559e-01
252; 15; 41; 2.5026886378723817e-01; 2.3824688783524400e-01; 5.0054964574939609e-01; 5.4979275960580465e-01; 1.0536401083511063e-01; 9.8376583048174093e-02
253; 15; 42; 2.4053547335846293e-01; 5.4585934841030037e-01; 5.0054964574939609e-01; 2.5428714940880653e-01; 5.7959445013033539e-01; 4.8036861102181955e-01
254; 15; 44; 2.5132136357297519e-01; 2.0498385875874275e-01; 5.0054964574939609e-01; 3.4485628766374965e-01; 3.5190668755633914e-01; 3.6684049542552333e-01
255; 15; 47; 2.5349219406622386e-01; 1.3637729104669172e-01; 5.0054964574939620e-01; 3.9103001130200549e-01; 4.4498075010554039e-01; 2.9994936928164978e-01
256; 15; 48; 4.4718119591667704e-01; 1.6145992403456666e-01; 2.3569834850292165e-01; 2.5657137663652069e-01; 3.7620811127324005e-01; 4.8602191102001546e-01
257; 16; 17; 9.9624504780630763e-01; 6.2059858794931955e-01; 9.5005458365164497e-01; 1.0732849575055297e+00; 6.8409016616304097e-01; 8.6164678355892099e-01
258; 16; 18; 1.2037467449916235e+00; 5.9934508531423447e-01; 4.0349466480016449e-01; 8.7385480807538674e-01; 2.9682535549144717e-01; 7.3290584835305050e-01
259; 16; 19; 1.0077015213280325e+00; 6.3823538761911869e-01; 9.5005458365164497e-01; 1.2037716453046392e+00; 5.7530778934630267e-01; 3.6487126821108318e-01
260; 16; 21; 8.0829571707606873e-01; -5.0663401778531680e-02; 3.3735635241855499e-01; 8.8108943036168319e-01; 2.9788590808724980e-01; 7.1674000133760329e-01
261; 16; 23; 9.6018850405572764e-01; 2.3191898662258181e-01; 4.1556254632247835e-01; 5.4588144197020139e-01; -9.8719832952978287e-02; 9.0834240800497035e-01
262; 16; 24; 1.1452617509006504e+00; 4.6808282696465098e-01; 3.3735635241855499e-01; 1.0957468349638890e+00; 5.3590022773431945e-01; 5.6843887957485695e-01
263; 16; 27; 7.9498242906338767e-01; -7.1158695830469965e-02; 3.3735635241855499e-01; 8.8483947884047920e-01; 2.8603411691975544e-01; 6.8846529129663991e-01
264; 16; 28; 1.1688170060453371e+00; 6.2203466828002252e-01; 5.2615996177562674e-01; 1.0248184019967757e+00; 5.2623041751977206e-01; 7.2809697927517969e-01
265; 16; 29; 1.0601377191798931e+00; 3.3703765920882406e-01; 3.3735635241855499e-01; 8.6056675770592017e-01; 4.1172708682781656e-01; 9.5005458365164497e-01
266; 16; 32; 5.6420388482433181e-01; -1.4260277847943886e-01; 7.9269239652534407e-01; 1.0048098029135004e+00; 4.4856631242756162e-01; 6.5291906350081497e-01
267; 16; 33; 7.3681544948900279e-01; 2.2121671487448141e-01; 9.5005458365164497e-01; 7.7651150552649684e-01; 1.5358636493324851e-01; 7.4352162894876683e-01
268; 16; 37; 8.7150624678327804e-01; 4.2856800886036439e-01; 9.5005458365164497e-01; 9.2853552491143698e-01; 2.8984147241101260e-01; 5.8665776211683029e-01
269; 16; 40; 8.0254042238323919e-01; 3.2239777884154602e-01; 9.5005458365164497e-01; 1.0214205835487524e+00; 2.8861993239429201e-01; 3.5530122333459374e-01
270; 16; 47; 7.0501230512817359e-01; 1.7225699922568222e-01; 9.5005458365164497e-01; 9.9769717735139019e-01; 5.5229440503177651e-01; 8.3689110005931266e-01
271; 16; 48; 1.1524594226364702e+00; 4.7916336533912585e-01; 3.3735635241855499e-01; 1.1920145327707481e+00; 6.0696606991326452e-01; 4.4469552514629795e-01
272; 17; 19; 7.9396479306318535e-01; 1.0385658777130398e+00; 6.4179285414205822e-01; 1.0880695983852728e+00; 5.0249457350536342e-01; 1.0237835172789069e+00
273; 17; 25; 4.3517452165953852e-01; 1.0411114438192381e+00; 7.7787617303195389e-01; 5.4826219235654816e-01; 1.0445471726974114e+00; 7.3106678562394301e-01
274; 17; 30; 3.6648480820789864e-01; 8.7656954982008872e-01; 9.5645872956256917e-01; 8.6145001538987098e-01; 7.8628712969691938e-01; 8.4892503301492628e-01
275; 17; 40; 8.5219915697378457e-01; 1.0142553409078765e+00; 6.4179285414205822e-01; 7.4098754041993642e-01; 6.2469046753630275e-01; 1.0447615001974575e+00
276; 17; 42; 7.4548548518481905e-01; 1.0588040656028426e+00; 6.4179285414205822e-01; 6.8266246168211753e-01; 6.4903887418321926e-01; 1.0447615001974573e+00
277; 17; 43; 6.2322221235985942e-01; 6.7385282031089078e-01; 1.0447615001974573e+00; 9.5383024985194687e-01; 7.5670167998599558e-01; 8.4062553103497772e-01
278; 17; 44; 6.7596326315316124e-01; 6.5183552381526999e-01; 1.0447615001974573e+00; 7.8960239951138456e-01; 8.4111208275821114e-01; 8.2597438037996962e-01
279; 17; 45; 3.5481554731653486e-01; 8.4861656833055299e-01; 9.8679699038920132e-01; 3.5598580583703504e-01; 8.4770576565631695e-01; 9.8718727345325197e-01
280; 17; 46; 8.2840635648040450e-01; 1.0241878912656035e+00; 6.4179285414205822e-01; 8.3094269227362916e-01; 9.3175224386936950e-01; 7.2624865775325154e-01
281; 17; 48; 1.2540065179105147e+00; 8.4251143795693617e-01; 6.4549475802198308e-01; 9.6926037040938673e-01; 8.6002732930119286e-01; 7.3917235169736406e-01
282; 18; 19; 1.1384341658636465e+00; 6.6464680798927156e-01; 3.6487126821108318e-01; 1.1939570744617396e+00; 5.6412836249390952e-01; 4.3503380488084042e-01
283; 18; 21; 4.1633074197779435e-01; 5.9110409819688281e-01; 5.9768114316611620e-01; 8.5488788784899994e-01; 3.2175649225560532e-01; 7.1674000133760329e-01
284; 18; 24; 9.1838951054423723e-01; 4.8233881736340234e-01; 5.6843887957485695e-01; 1.2695743655576417e+00; 5.4102969554627578e-01; 4.3620083039916357e-01
285; 18; 27; 3.9577399958678616e-01; 5.1944310153397777e-01; 6.6201014777903233e-01; 6.4276582708942909e-01; 4.1669528485924423e-01; 6.8846529129663980e-01
286; 18; 28; 1.2159985643720579e+00; 6.7093058186134902e-01; 3.4120428592142854e-01; 6.6679550768794504e-01; 3.6202037297095735e-01; 7.2809697927517969e-01
287; 18; 29; 7.3937324273794447e-01; 3.3540286660234647e-01; 7.3290584835305039e-01; 1.0644978586100637e+00; 3.9386637877714381e-01; 6.0705693791138282e-01
288; 18; 32; 1.0209223891452865e+00; 2.5463740780849775e-01; 7.3290584835305050e-01; 8.9224678297673488e-01; 3.8798505921590309e-01; 6.5291906350081497e-01
289; 18; 36; 7.0779240393988219e-01; 3.4446217637887067e-01; 7.3290584835305039e-01; 7.6604126535516570e-01; 4.0760720913758530e-01; 6.6667210879582028e-01
290; 18; 37; 8.5275873734106578e-01; 3.0287699462211537e-01; 7.3290584835305050e-01; 9.4124507442919902e-01; 3.4575069472478609e-01; 6.7629134513073197e-01
291; 18; 38; 5.3000069977072051e-01; 5.9468191031077933e-01; 5.6766791834002284e-01; 5.8316940867472999e-01; 4.7688369138438397e-01; 6.5272298628385006e-01
292; 18; 40; 8.8390494155697352e-01; 2.9394236453964573e-01; 7.3290584835305050e-01; 9.8254904442104918e-01; 7.2090223767571626e-01; 3.5530122333459374e-01
293; 18; 44; 4.5006354176520424e-01; 4.1839452553910828e-01; 7.3290584835305039e-01; 6.8445554802672071e-01; 7.9250136235864099e-01; 3.6684049542552333e-01
294; 18; 46; 7.2397724914959105e-01; 8.1207228933007769e-01; 3.4120428592142854e-01; 7.2780105836230724e-01; 3.4674868110845769e-01; 7.2624865775325165e-01
295; 18; 47; 6.9013821148005816e-01; 3.4952647499901174e-01; 7.3290584835305039e-01; 7.8731778219256643e-01; 7.7202048046537430e-01; 3.5935381425596086e-01
296; 18; 48; 4.0918257407368208e-01; 5.6618551788006499e-01; 6.2005017991965716e-01; 1.3300909257457056e+00; 5.8415108303621710e-01; 3.8603578089564072e-01
297; 19; 24; 1.1759449024950879e+00; 5.5095528388352166e-01; 5.4285299141736854e-01; 1.1650813082451272e+00; 5.5683904257277950e-01; 5.6843887957485695e-01
298; 19; 28; 1.1563855958145504e+00; 6.4010097076425110e-01; 3.6487126821108318e-01; 1.1159571106894584e+00; 5.6803191025234945e-01; 7.2809697927517969e-01
299; 19; 30; 6.6913427144058391e-01; 1.0753246138486086e+00; 1.0237835172789067e+00; 9.1607886219841594e-01; 7.9897192262974281e-01; 8.4892503301492628e-01
300; 19; 40; 9.6250309741647122e-01; 9.0520565933085662e-01; 3.6487126821108318e-01; 7.1353862118323796e-01; 1.0146084511893101e+00; 1.0237835172789067e+00
301; 19; 42; 8.3210328158519875e-01; 8.5248939644961430e-01; 1.0237835172789069e+00; 7.7412804477599872e-01; 1.0442966888667558e+00; 7.0280994299924537e-01
302; 19; 43; 9.4244836616629657e-01; 7.0160935557730475e-01; 1.0237835172789069e+00; 9.5227725765432769e-01; 7.7972316440496348e-01; 7.6265417082363107e-01
303; 19; 46; 7.8779357118414017e-01; 1.1440942383625996e+00; 3.6487126821108318e-01; 8.3472740966811143e-01; 9.5321858171814633e-01; 7.2624865775325154e-01
304; 19; 48; 1.1987231991000453e+00; 5.6761403510704855e-01; 4.0650422597246394e-01; 9.1191831671124512e-01; 8.4314069744540521e-01; 7.3917235169736406e-01
305; 20; 22; -3.2996339984851963e-01; 2.0896419750792211e-01; -1.4608363765962196e-03; -1.7161160276731496e-01; 7.6545310817754519e-01; 1.5109001782136250e-01
306; 20; 38; 6.4789996798703037e-02; 5.1027261796584622e-01; -5.2406984008583402e-02; 9.8928892649917888e-02; 6.3014611709089297e-01; -1.9558161395221374e-02
307; 20; 39; 9.3813900712336917e-02; 4.7414948948299113e-01; -7.9294657144429639e-02; 4.5870693337064561e-02; 1.0156068971260297e+00; 1.5643983507302264e-01
308; 21; 22; 1.4700274281509373e-01; 6.8614745181652237e-01; 4.6021383578216252e-01; 2.6705323778018236e-01; 7.0405023931566035e-01; 5.7660146622860120e-01
309; 21; 23; 1.4135355339676348e-01; 3.9315904334977136e-01; 1.8757820061827368e-01; 9.5914100078481590e-01; 1.0392701099902407e-01; 6.0439640867509703e-01
310; 21; 24; 4.1129395756463405e-01; 2.1496301824806308e-01; 2.4951506328365747e-01; 6.0462574366864330e-01; 3.8758304715690101e-01; 5.6843887957485695e-01
311; 21; 25; 2.0804357652707006e-01; 7.5314891220114966e-01; 5.7233881537230036e-01; 1.9479849323399195e-01; 6.4115710918014335e-01; 4.5889093718011675e-01
312; 21; 27; 8.7205501248268757e-01; -3.7972219898501997e-02; 4.0208099025414346e-01; 8.2428168534435098e-01; 3.1872066487244138e-01; 6.8846529129663991e-01
313; 21; 28; 7.6128491745594529e-01; 4.0703229546810366e-01; 7.1674000133760329e-01; 5.1022012273914052e-01; 3.3271753015485023e-01; 4.3961510112712576e-01
314; 21; 29; 8.2045527119149708e-01; 3.5312589249842574e-01; 7.1674000133760329e-01; 4.6546651004167161e-01; 1.6415374432709606e-01; 2.4818354455504210e-01
315; 21; 32; 9.3460693337392231e-01; 2.4912946332772945e-01; 7.1674000133760329e-01; 7.7490634476247333e-01; 3.2483260645283268e-01; 6.5291906350081497e-01
316; 21; 35; 1.6987171181312744e-01; 7.1124957161372282e-01; 5.0222149731331434e-01; 5.1531055238819090e-01; 6.3112413211342311e-01; 7.1674000133760318e-01
317; 21; 36; 7.6940611574831785e-01; 3.9963358040038799e-01; 7.1674000133760329e-01; 5.4247609255589935e-01; 2.7467758896695849e-01; 4.1341228254238283e-01
318; 21; 37; 8.6963452909680850e-01; 3.0832175111637805e-01; 7.1674000133760329e-01; 8.2544778183287570e-01; 2.0632880031607992e-01; 5.8665776211683029e-01
319; 21; 38; 2.2496224650443664e-01; 3.1529030275382691e-01; 1.8602534096163387e-01; 5.8488483311105621e-01; 4.9773488696677026e-01; 6.5272298628385006e-01
320; 21; 40; 8.9016019777587629e-01; 2.8962210007185307e-01; 7.1674000133760329e-01; 9.4526938550753437e-01; 1.1946458486526815e-01; 6.0704838545710360e-01
321; 21; 41; 4.4225531138398044e-01; 1.1732820216771600e-01; 1.8602534096163387e-01; 5.2837925455184176e-01; 3.0564891524521531e-01; 4.2999033092439515e-01
322; 21; 42; 4.7857219219718572e-01; 6.6459415086221396e-01; 7.1674000133760318e-01; 2.6859087311415597e-01; 5.9741595782264345e-01; 4.8036861102181955e-01
323; 21; 43; 2.2887953197075980e-01; 7.7601949502810630e-01; 6.1061206520844025e-01; 3.7965327268981930e-01; 7.5471298233178719e-01; 7.1674000133760318e-01
324; 21; 44; 5.7190578499179545e-01; 5.7956376070635640e-01; 7.1674000133760318e-01; 3.6834910462783321e-01; 3.8238617104937517e-01; 3.6684049542552333e-01
325; 21; 46; 7.3976571126287749e-01; 4.2663709630832780e-01; 7.1674000133760329e-01; 6.8498747202523491e-01; 3.0933812739534422e-01; 5.6383691493577026e-01
326; 21; 47; 7.4797388019970001e-01; 4.1915914773413004e-01; 7.1674000133760329e-01; 3.0732373579691463e-01; 3.6483516166316765e-01; 2.9994936928164978e-01
327; 21; 48; 4.5646060071119721e-01; 6.8473863683692637e-01; 7.1674000133760318e-01; 4.5190900273234591e-01; 1.6285221342834663e-01; 2.3569834850292165e-01
328; 22; 23; 2.6597336800944482e-01; 1.2844071699999249e-01; 5.7660146622860131e-01; -1.3467982321164046e-01; 3.9541813704271150e-01; 1.8757820061827368e-01
329; 22; 25; 2.5418218904608358e-01; 7.6465429956420383e-01; 5.6400937659153538e-01; 1.4551547199325043e-01; 6.2051968074430985e-01; 4.5889093718011675e-01
330; 22; 27; 2.6665251538751422e-01; 4.9045075604890781e-01; 5.7660146622860120e-01; 1.1133314108184009e-01; 4.0043584226299545e-01; 4.2614267222821273e-01
331; 22; 29; 2.6607043622108500e-01; 1.8018157358132458e-01; 5.7660146622860120e-01; -7.2880848019489186e-02; 2.4315394741749548e-02; 2.4818354455504210e-01
332; 22; 31; -4.0256816399696999e-02; 7.0897104114914755e-01; 2.7857543048127564e-01; -2.9447196602872067e-01; -7.9305147493117539e-02; 3.3481798943121838e-02
333; 22; 35; 2.6699175208274939e-01; 6.7127614572799821e-01; 5.7660146622860120e-01; 1.7128862704073200e-01; 7.3501020595483457e-01; 4.8367642487354928e-01
334; 22; 36; 2.6574619616638578e-01; 7.3499340091170984e-03; 5.7660146622860131e-01; 9.7269212537790861e-02; -9.8790379736493683e-02; 4.1341228254238283e-01
335; 22; 39; -3.2906959676071118e-01; 6.8539346922121225e-01; -1.4608363765962196e-03; -2.9125563437276430e-01; 7.6567756584888491e-01; 3.5063580233350100e-02
336; 22; 41; 2.6628132875654881e-01; 2.9259489867638566e-01; 5.7660146622860120e-01; -2.2779383509036510e-01; -2.0736511998504811e-01; 9.8376583048174093e-02
337; 22; 42; 2.6670025348733273e-01; 5.1589688444089488e-01; 5.7660146622860120e-01; 1.6738296712835282e-01; 4.7131750176998444e-01; 4.8036861102181955e-01
338; 22; 44; 2.6612571385498784e-01; 2.0964654547679673e-01; 5.7660146622860120e-01; 6.3529706391736968e-02; -1.5705557625092466e-02; 3.8054189228703972e-01
339; 22; 45; 2.6630908918304036e-01; 3.0739220689362401e-01; 5.7660146622860120e-01; 1.9906090966272197e-01; 2.9120359431986798e-01; 5.1141630520968284e-01
340; 22; 47; 2.6588468588044112e-01; 8.1169944822612639e-02; 5.7660146622860131e-01; -1.9448958642270087e-02; 5.1962683169779922e-02; 2.9994936928164978e-01
341; 22; 48; 2.6662763338851575e-01; 4.7718775346669706e-01; 5.7660146622860120e-01; 2.3810134759685062e-01; 4.3892691784424986e-01; 5.4900741591488478e-01
342; 23; 24; 9.6130557441201658e-01; 3.6841120176144032e-01; 2.1418779575576169e-01; 3.9808001183874470e-01; 2.5871821518445215e-01; 3.8281349803915043e-01
343; 23; 27; 9.5927653097384213e-01; 1.2048712792830102e-01; 5.7996432357342143e-01; 5.9641416770442018e-02; 3.0466749221148109e-01; 3.1911265803468114e-01
344; 23; 28; 5.5366440469198186e-01; 3.8978463676482711e-01; 1.8757820061827368e-01; 4.9884007141841807e-01; 3.5752916042035993e-01; 2.3582529050507994e-01
345; 23; 29; 9.6078733145957296e-01; 3.0508830704769235e-01; 3.0761167429103753e-01; -2.9002797812844416e-01; 5.8443699503664473e-02; 6.8657814043961785e-01
346; 23; 31; -1.5424621773992137e-01; 3.9557827100555154e-01; 1.8757820061827368e-01; -3.4501238160469860e-01; 3.4790003548015641e-01; 2.6021916493003694e-01
347; 23; 32; 9.5781856928180242e-01; -5.7657802526382196e-02; 8.4279170093366951e-01; 3.1316265592923054e-01; 7.6322826350928019e-02; 6.5291906350081497e-01
348; 23; 36; 2.2768120755788612e-01; -9.6115640114107490e-02; 9.0834240800497035e-01; 4.9775319898828418e-01; 2.3716116915206575e-01; 4.1341228254238283e-01
349; 23; 37; 2.4981709325424983e-01; -9.6296803132792874e-02; 9.0834240800497035e-01; 7.1633878176467736e-01; 1.1793823250282065e-01; 5.8665776211683029e-01
350; 23; 38; 2.3245479682865200e-01; 3.9241345871437439e-01; 1.8757820061827368e-01; 5.5006675736605448e-01; 7.4516882263414685e-02; 6.5272298628385006e-01
351; 23; 40; 9.5935644090919803e-01; 1.3025113610104994e-01; 5.6555892537310370e-01; 9.5491846229297206e-01; 1.2033224579246518e-01; 5.8024543276999940e-01
352; 23; 41; -2.8338946657605724e-01; 1.0110801755426674e-01; 6.2355710275709142e-01; 5.4269494351151870e-01; 2.7005361333109257e-01; 3.6434482011387731e-01
353; 23; 44; 2.8210592078365043e-01; 2.7049462128825541e-01; 3.6684049542552333e-01; 1.0596375373100889e-01; -4.8412650821555145e-02; 8.3943776164175044e-01
354; 23; 46; 6.1517664765005109e-01; 3.8928121242602942e-01; 1.8757820061827368e-01; 6.2575898312475697e-01; 3.1978066742102018e-01; 2.8998168342347208e-01
355; 23; 47; 3.8495041440726085e-01; -9.7402752120823791e-02; 9.0834240800497035e-01; 2.5636827680526025e-01; 3.1604723960362074e-01; 2.9994936928164978e-01
356; 23; 48; 9.6105689271134154e-01; 3.3802536617056078e-01; 2.5901775222360568e-01; 2.8925933089448941e-01; 2.6520939676639094e-01; 3.7455119819674398e-01
357; 24; 27; 3.9097529126098846e-01; 2.8224400032890551e-01; 4.5448384935098840e-01; 4.9890901683789385e-01; 3.5565689464315398e-01; 5.6843887957485695e-01
358; 24; 28; 7.9963022636096448e-01; 4.4647384941628881e-01; 5.6843887957485695e-01; 5.1244432333394685e-01; 3.2786816337790325e-01; 4.7944527457947728e-01
359; 24; 36; 6.1438951513356943e-01; 3.3500316131998015e-01; 4.1341228254238283e-01; 7.5291210677879628e-01; 4.2325832842189998e-01; 5.4301422678676914e-01
360; 24; 38; 3.9437508363195467e-01; 2.7098630426897652e-01; 4.2018773440210072e-01; 5.1121159050888998e-01; 3.5937223709752886e-01; 5.6843887957485695e-01
361; 24; 40; 9.2643254909780492e-01; 4.8476779225917510e-01; 5.6843887957485695e-01; 1.0084210587524176e+00; 4.3318494506490396e-01; 3.5530122333459374e-01
362; 24; 41; 3.8475588221867324e-01; 3.0283826286937349e-01; 5.1722343581837382e-01; 5.2024858652426720e-01; 3.2586544719280197e-01; 4.6727403116433985e-01
363; 24; 46; 7.0516207537469677e-01; 4.1794473499423684e-01; 5.6843887957485695e-01; 6.3773166642809487e-01; 3.1766977067300539e-01; 3.4533987369181385e-01
364; 24; 47; 3.8897041087762496e-01; 2.8888273926636765e-01; 4.7470849856009956e-01; 5.6630562678598872e-01; 3.7601048023568989e-01; 5.6843887957485695e-01
365; 24; 48; 4.0457470697568404e-01; 2.3721240074767741e-01; 3.1729690565055424e-01; 1.2804609219679108e+00; 5.0498115792006448e-01; 3.2638042100221298e-01
366; 25; 34; 1.6571861664685816e-01; 1.0369778187894483e+00; 8.9372904543905873e-01; 1.7584869928269845e-01; 8.1808468889092034e-01; 6.5591498944445692e-01
367; 25; 35; 6.1056778077094276e-01; 8.9575888510670099e-01; 5.4468343329004743e-01; -1.5534189724728145e-01; 5.3563876288768708e-01; 5.0269906840152601e-01
368; 25; 42; 5.9828993586569035e-01; 9.2507887975319691e-01; 5.8141185446563315e-01; 3.8318957987303776e-01; 7.4019847908094794e-01; 4.8036861102181955e-01
369; 25; 43; 2.0341676009702986e-01; 7.7738110775237534e-01; 6.0023007583832555e-01; 6.3724985524819158e-02; 7.5617109199962584e-01; 6.3996933380213628e-01
370; 25; 45; 1.1416036361472653e-01; 1.0153876295023598e+00; 8.9372904543905873e-01; -3.2536889936294749e-02; 5.9524293753794966e-01; 5.1141630520968284e-01
371; 25; 49; 7.4453387920031977e-02; 9.6663104851175174e-01; 8.5948627925244647e-01; -2.0233605067727889e-01; 6.1766318414696797e-01; 6.1109299273478945e-01
372; 26; 30; 2.6660392611174993e-01; 6.4816414321256044e-01; 8.4892503301492628e-01; -8.9771211402724815e-02; 6.3586138519894120e-01; 8.8584015762536550e-01
373; 26; 34; -1.7655191567887529e-02; 6.8497488850785693e-01; 7.9157377941339757e-01; -3.4240453001660082e-01; 5.3128898357564147e-01; 1.0904477944287811e+00
374; 26; 42; 5.3497094611557805e-01; 6.7330323943089698e-01; 7.9157377941339757e-01; 5.5837720776013011e-01; 6.1700152003648012e-01; 8.9546616006521362e-01
375; 26; 45; 2.4536561063771328e-01; 6.7941980109170097e-01; 7.9157377941339757e-01; 5.5741929866998874e-01; 5.7164669508875954e-01; 9.7993748547207771e-01
376; 26; 49; -9.2289602595000964e-02; 6.8655119226038230e-01; 7.9157377941339757e-01; -8.1762702522952813e-02; 6.4984862912611552e-01; 8.5948627925244647e-01
377; 27; 28; 7.0271684961964609e-01; 3.8433624633397528e-01; 6.8846529129663980e-01; 5.1613165276201611e-01; 3.1982877481470834e-01; 5.4547662581591638e-01
378; 27; 29; 7.8730902164863203e-01; 3.3867695249553503e-01; 6.8846529129663991e-01; 2.6473223509613175e-01; 1.1201203824593345e-01; 2.4818354455504210e-01
379; 27; 32; 8.7748449971339271e-01; 2.9000402506946188e-01; 6.8846529129663991e-01; 7.5585769912232681e-01; 3.1458065314247247e-01; 6.5291906350081497e-01
380; 27; 35; 2.0758097422959565e-01; 5.7875251285936680e-01; 6.2542809141531208e-01; 3.4767530376747358e-01; 5.7597272850591485e-01; 6.8846529129663980e-01
381; 27; 36; 7.2777733212110296e-01; 3.7080965271636457e-01; 6.8846529129663980e-01; 4.5422558220605974e-01; 2.0064742385347911e-01; 4.1341228254238283e-01
382; 27; 37; 8.6986261976089685e-01; 2.9411799505043218e-01; 6.8846529129663991e-01; 8.2109735173118292e-01; 2.0280446239088434e-01; 5.8665776211683029e-01
383; 27; 38; 1.6375722635429035e-01; 3.5047820592119250e-02; 1.3440567176761081e-01; 5.7770896152759166e-01; 4.1051128288815170e-01; 6.5272298628385006e-01
384; 27; 40; 9.0155537234562966e-01; 2.7701158120495889e-01; 6.8846529129663991e-01; 9.5565609601890289e-01; 1.2039857503585340e-01; 5.7819645313224033e-01
385; 27; 41; 2.2983708971016437e-01; -6.1930823790995460e-04; 1.3440567176761081e-01; 4.9082549745374604e-01; 3.9902460437072940e-01; 6.0219549509794246e-01
386; 27; 42; 3.7635219007014942e-01; 5.6049415233675393e-01; 6.8846529129663980e-01; 1.4583454751804348e-01; 4.4446957505153217e-01; 4.8036861102181955e-01
387; 27; 44; 5.0112860546835847e-01; 4.9314509534810103e-01; 6.8846529129663980e-01; 2.6536464969950135e-01; 2.4877456547537141e-01; 3.6684049542552333e-01
388; 27; 46; 7.2397902237961631e-01; 3.7285982043775279e-01; 6.8846529129663980e-01; 6.9692460547850876e-01; 3.0723349842047531e-01; 6.1903073308184020e-01
389; 27; 47; 6.9174489022566399e-01; 3.9025844818713973e-01; 6.8846529129663980e-01; 1.6305726041759594e-01; 2.2670547554328552e-01; 2.9994936928164978e-01
390; 27; 48; 2.9237626300017167e-01; 6.0582082308507934e-01; 6.8846529129663980e-01; 2.7042531702428729e-01; 3.2916418916784468e-01; 4.3877794468770892e-01
391; 28; 38; 5.1821734272930620e-01; 3.1528139916072939e-01; 5.8282640144270670e-01; 5.7101943751457818e-01; 3.2919929350834853e-01; 6.5272298628385006e-01
392; 28; 40; 8.7110217122718792e-01; 4.5572724718123964e-01; 7.2809697927517969e-01; 9.9629084615996599e-01; 5.6808251744535254e-01; 3.5530122333459374e-01
393; 28; 46; 5.9535121165877303e-01; 4.2632126593692932e-01; 6.9389889643447777e-02; 7.3615002620195613e-01; 3.9410274896984288e-01; 7.2624865775325165e-01
394; 28; 47; 7.2814733402691190e-01; 3.9015987548998493e-01; 7.2809697927517969e-01; 5.1837517979523007e-01; 3.1493727110616032e-01; 5.8565289008210319e-01
395; 28; 48; 5.0710981514326625e-01; 3.3949885300708665e-01; 3.8391684651685704e-01; 1.2996788300428672e+00; 6.8742164875696421e-01; 4.8974548263136547e-01
396; 29; 32; 1.0607931888686923e+00; 4.0812855488026800e-01; 6.8077929729723086e-01; 7.8669329375874764e-01; 3.3117632521710660e-01; 6.5291906350081497e-01
397; 29; 33; 5.8463104772363006e-01; 2.9740010343660717e-01; 7.4352162894876683e-01; 5.8367394440803477e-01; 3.0578317149826462e-01; 7.8531929621847041e-01
398; 29; 35; 1.1286931788561461e-01; 2.0433255075375006e-01; 8.8624936661939779e-01; 3.5436150459709249e-02; 1.8114141055635061e-01; 8.7134702809382547e-01
399; 29; 36; 4.4508739838265576e-01; 1.9298173155773871e-01; 4.1341228254238283e-01; 7.8928469693159231e-01; 3.7989898106924425e-01; 8.8559196589438738e-01
400; 29; 37; 8.9549722986102553e-01; 4.0222167007426224e-01; 8.6008953445437220e-01; 7.4412640514952710e-01; 4.1979920613163069e-01; 1.1356043040752386e+00
401; 29; 38; 2.5394609857345118e-01; 1.0921028672407954e-01; 2.4818354455504210e-01; 5.6647264304293576e-01; 2.7393244596118177e-01; 6.5272298628385006e-01
402; 29; 40; 7.1761447787499089e-01; 4.1802750040458431e-01; 1.1603724531918205e+00; 1.0177242255031083e+00; 3.2972636175041270e-01; 3.5530122333459374e-01
403; 29; 41; 4.5377260796847929e-01; 1.6111619628001880e-01; 2.4818354455504210e-01; -2.8040747160063206e-01; 2.1406833094590960e-02; 4.9513153676619659e-01
404; 29; 42; 4.2744093791986493e-01; 3.2124090845573350e-01; 1.0566850206680660e+00; 2.3265104652206889e-01; 2.3209603510139570e-01; 8.7002552148882228e-01
405; 29; 44; 1.5733664793150928e-01; 1.0861948310670339e-01; 3.6684049542552333e-01; 4.4209936780459008e-01; 3.3599965705624663e-01; 1.1097143854893323e+00
406; 29; 46; 7.2489524505009617e-01; 3.3026735270694052e-01; 7.2624865775325165e-01; 7.0150674043121786e-01; 3.0642562490327119e-01; 6.4021718662117111e-01
407; 29; 47; 1.0454848264314918e+00; 4.6706243459743280e-01; 9.8541336078768393e-01; -2.3860378718700115e-02; 4.7738915528004022e-02; 2.9994936928164978e-01
408; 30; 34; 1.3076114875358880e-01; 1.2910572208651523e+00; 1.2023360017799849e+00; -1.0238725758926678e-01; 6.9019416446495030e-01; 9.1584612585036684e-01
409; 30; 40; 7.9883517996009790e-01; 7.7174799390419291e-01; 8.4892503301492628e-01; 6.3445501521976788e-01; 1.3327145793726098e+00; 1.1628779934240858e+00
410; 30; 42; 6.1818215110906349e-01; 7.2980044425713875e-01; 8.4892503301492628e-01; 8.7039809019245529e-01; 9.6702936925985350e-01; 9.4254699515752405e-01
411; 30; 43; 6.2909217847129995e-01; 7.3233374755871539e-01; 8.4892503301492628e-01; 6.8720749523014268e-02; 6.8211411784250875e-01; 8.9079256062279100e-01
412; 30; 44; 7.2659169282289882e-01; 7.5497308964359033e-01; 8.4892503301492628e-01; 7.9493062247789181e-01; 8.3700522291183022e-01; 8.8359555167154635e-01
413; 30; 45; 3.2828088654888360e-01; 6.6248550486628299e-01; 8.4892503301492628e-01; 3.0092584778132503e-01; 9.1998794413062512e-01; 9.8718727345325197e-01
414; 31; 38; 2.9480664879482386e-02; 8.1083333879513053e-02; -5.2406984008583402e-02; 1.9975158795677536e-01; 6.2185145050535873e-01; 1.1778720690624878e-01
415; 32; 33; 8.2107138232680943e-01; 1.2018889161428353e-01; 7.4352162894876683e-01; 1.3412834353668663e+00; -2.2447972308024400e-01; 9.9013198133375313e-01
416; 32; 36; 4.6500428767002050e-01; 1.5804377116679891e-01; 6.5291906350081497e-01; 2.2186141144658583e-01; -5.2722661600662524e-02; 6.8446647722652887e-01
417; 32; 37; 2.7905880867477156e-01; -1.5899830667576897e-01; 7.3857747567175824e-01; 9.4045798639427125e-01; 3.4672227337374373e-01; 6.7945357839054010e-01
418; 32; 40; 9.0391203850859170e-01; 3.9426328273505817e-01; 6.5291906350081497e-01; 8.9005364715362012e-01; 1.1449949444249012e-01; 7.6042521679468944e-01
419; 32; 47; 3.5417051328431137e-01; 9.8393195389457108e-02; 6.5291906350081497e-01; 2.2357143006429642e-01; -5.5899962325774544e-02; 6.8608422242558231e-01
420; 33; 36; 6.2148833134733006e-01; 2.6977569702389892e-01; 7.4352162894876683e-01; 7.0915292718916534e-01; 2.6806917128466212e-01; 1.0924721880199160e+00
421; 33; 37; 7.1692991522952887e-01; 1.9824256048696992e-01; 7.4352162894876683e-01; 6.3510416484693621e-01; 3.3147892349136887e-01; 1.1356043040752386e+00
422; 33; 40; 7.3046492062694401e-01; 2.6500838171174057e-01; 1.1628779934240860e+00; 8.5823988101899351e-01; 1.1163874802749020e-01; 8.4879666283726707e-01
423; 33; 47; 6.1875909138857177e-01; 2.7182125291966930e-01; 7.4352162894876683e-01; 7.8749481611069938e-01; 1.9493880453305634e-01; 1.0138825726727001e+00
424; 34; 43; 1.3063807825079424e-01; 7.5595547181713130e-01; 6.5591498944445692e-01; 6.5374251822634788e-02; 7.3172244477776660e-01; 7.2277434517859995e-01
425; 34; 45; 7.7292127129005433e-02; 6.8264654348114395e-01; 6.5591498944445692e-01; 1.5418741653025403e-01; 1.1126247323024963e+00; 9.8718727345325197e-01
426; 34; 49; -6.1088533314535842e-02; 6.9177269291531041e-01; 8.5948627925244647e-01; -1.2595486893855493e-01; 5.7999704845111943e-01; 8.3636495358900975e-01
427; 35; 40; 8.1165676809387211e-01; 6.2558215342330281e-01; 8.4981198697757643e-01; 8.0291931685053464e-01; 5.7569326968993284e-01; 8.8624936661939768e-01
428; 35; 42; 5.4082623557711185e-01; 9.3388239229767389e-01; 4.8367642487354928e-01; 3.0335901586918568e-01; 3.0684742837019285e-01; 8.8624936661939779e-01
429; 35; 43; 7.2381607555539540e-01; 7.8880477419184492e-01; 6.8007394598450155e-01; 5.6377096310277452e-01; 8.0169002091638131e-01; 6.0023007583832555e-01
430; 35; 44; 7.2566139472276658e-01; 7.8537586417362293e-01; 6.8363972912469417e-01; 4.4575666548009529e-01; 3.8348085147526023e-01; 8.8624936661939768e-01
431; 35; 45; -3.0200130319969903e-02; 5.9217526219631844e-01; 5.1141630520968284e-01; 4.9545983493580359e-01; 4.5062626325718103e-01; 8.5367434587487867e-01
432; 35; 48; 7.3913529500075503e-01; 7.6033911580800717e-01; 7.0967587901866303e-01; 2.0734970725224139e-01; 5.4335047767581890e-01; 6.5387501462252817e-01
433; 36; 37; 7.9675231761543952e-01; 3.7099691614154434e-01; 9.5592626432182604e-01; 1.8962315139506264e-01; -1.3310656518744624e-01; 9.3183325189646926e-01
434; 36; 38; 3.7834409389129126e-01; 1.3699318449860065e-01; 4.1341228254238283e-01; 5.6375723549764833e-01; 2.4092633236405270e-01; 6.5272298628385006e-01
435; 36; 40; 7.5247303821842504e-01; 3.0440884750315989e-01; 1.0924721880199160e+00; 7.9658694423168830e-01; 3.7119405585468629e-01; 9.5436868374601147e-01
436; 36; 47; 7.7789887263896662e-01; 3.9347189155833445e-01; 7.7835379760175960e-01; -6.7471233543270059e-03; -2.3462335976241100e-01; 6.3869077433169286e-01
437; 37; 38; 4.8970914788389674e-01; -6.5657272996380911e-02; 5.8665776211683029e-01; 5.4498450631441209e-01; 1.2741493949878446e-02; 6.5272298628385006e-01
438; 37; 40; 9.3675038011626643e-01; 2.9649642952366811e-01; 5.8665776211683029e-01; 7.2764446238510372e-01; 4.0644697782138661e-01; 1.1356043040752386e+00
439; 37; 47; 8.8995933179166831e-01; 4.0905763160019931e-01; 8.8233879335202214e-01; 2.1961923941343914e-01; -1.7013362871482596e-01; 8.1131988746124828e-01
440; 38; 39; 6.7038803879917799e-02; 5.3760714537754872e-01; -5.2406984008583402e-02; 1.0541424306553739e-01; 6.2961256837724078e-01; -1.0723515200866278e-02
441; 38; 41; 1.2899169431601565e-01; -6.3873412101291771e-02; 9.8376583048174093e-02; 5.0140476970498593e-01; 3.7271973068457442e-01; 5.5368356298679289e-01
442; 38; 44; 5.6661487473476524e-01; 5.9166966814936084e-01; 6.1754545166906061e-01; 3.6360755849373211e-01; 3.7623450872013009e-01; 3.6684049542552333e-01
443; 38; 47; 5.6896467458843547e-01; 3.0422339673250931e-01; 6.5272298628385006e-01; 3.1373919587409044e-01; 3.7097772170315574e-01; 2.9994936928164978e-01
444; 38; 48; 5.5679921248340258e-01; 5.9247720107082724e-01; 6.0417409968394309e-01; 3.0792239744579664e-01; 2.0183509136929279e-01; 3.1090740710708836e-01
445; 40; 42; 8.0318832345167213e-01; 1.0209726130279480e+00; 7.7517747450363061e-01; 7.3004440492607092e-01; 6.9826511040905614e-01; 1.0566850206680658e+00
446; 40; 43; 6.9640726379375373e-01; 6.4375650279765573e-01; 1.1628779934240860e+00; 8.8445174979033836e-01; 8.2332262942193235e-01; 6.0023007583832555e-01
447; 40; 44; 7.9193478243109028e-01; 8.3931434084321710e-01; 8.5119754325785668e-01; 7.1189904556934924e-01; 6.8603664229430805e-01; 1.1097143854893323e+00
448; 40; 46; 8.5803925095315070e-01; 1.3031546748972593e+00; 5.5411747254685728e-01; 8.2963496402791903e-01; 9.2433500939428592e-01; 7.2624865775325154e-01
449; 40; 47; 8.9667049079151584e-01; 6.5780947857357031e-01; 6.0757201842069963e-01; 7.9057282978163812e-01; 1.9788588604400048e-01; 1.0138825726727001e+00
450; 40; 48; 1.0064080390819630e+00; 4.5557131831506509e-01; 3.5530122333459374e-01; 8.3430130878361108e-01; 8.2028330476251665e-01; 7.3917235169736406e-01
451; 41; 44; 4.0178559619068510e-01; 3.7667115521665850e-01; 6.2355710275709164e-01; 1.6629892298966692e-01; 1.2024710167253083e-01; 3.6684049542552333e-01
452; 41; 45; 3.0156455074605870e-01; 3.3636433839964264e-01; 6.2355710275709164e-01; 2.5704610278013101e-01; 2.6901787278701195e-01; 5.4507022386741588e-01
453; 41; 47; 5.0752598369747171e-01; 3.5749961373755185e-01; 5.2561434323432044e-01; -1.0689437228870508e-01; -3.1762988424030171e-02; 2.9994936928164978e-01
454; 41; 48; 5.6962754079490474e-01; 2.0308694939099789e-01; 2.4084366616300651e-01; 5.4802268850377145e-01; 1.9115668324152874e-01; 2.3569834850292165e-01
455; 42; 43; 7.1244308206114271e-01; 6.7633500903868349e-01; 1.0566850206680658e+00; 5.0869973798539603e-01; 7.9797500491810136e-01; 6.0023007583832555e-01
456; 42; 44; 3.1313144200245047e-01; 1.7881872506063734e-01; 1.0566850206680660e+00; 8.0721239306367909e-01; 8.2753874397911831e-01; 1.0164146944018673e+00
457; 42; 45; 1.2322549860154915e-01; 3.9075958583460824e-01; 5.1141630520968284e-01; 5.7418929845899425e-01; 5.6125033862058582e-01; 9.8718727345325197e-01
458; 42; 48; 5.5149710129619467e-01; 7.3700043937636539e-01; 7.3917235169736406e-01; 2.2950219446984724e-01; 4.6812712215841978e-01; 5.7833178785871331e-01
459; 43; 44; 7.3483541419653897e-01; 8.1322975280351117e-01; 6.0023007583832555e-01; 6.9119327530599661e-01; 6.5917306165528566e-01; 1.1097143854893323e+00
460; 43; 45; 6.4589762702396761e-02; 7.4335167516675149e-01; 6.8338735800008465e-01; 4.8263241120680661e-01; 6.8144533147217290e-01; 9.8718727345325197e-01
461; 43; 46; 7.8251100019473474e-01; 8.1644587091842813e-01; 6.0023007583832555e-01; 8.0428210945506340e-01; 7.8053749825507424e-01; 7.2624865775325165e-01
462; 43; 48; 9.5082708037595354e-01; 8.0122052522236664e-01; 6.8984485786264771e-01; 6.5126947756204123e-01; 7.6638235506860153e-01; 7.3917235169736406e-01
463; 44; 45; 5.8585330904350852e-01; 5.4593793874656082e-01; 9.8718727345325197e-01; 4.8307220620988206e-01; 4.4119015697959596e-01; 8.3763972718009105e-01
464; 44; 46; 7.3863727010272351e-01; 8.6279650432329091e-01; 3.6684049542552333e-01; 7.5229073220025255e-01; 8.6987097465234309e-01; 4.2247362847386061e-01
465; 44; 47; 3.1505904266570511e-01; 3.1324786522590797e-01; 3.6684049542552333e-01; 7.3266811741923468e-02; -2.3210672789009082e-02; 4.8584218073105279e-01
466; 44; 48; 7.3915655388352763e-01; 7.9226417490252476e-01; 7.3917235169736406e-01; 2.8681017406333065e-01; 2.7352601571840179e-01; 3.8290318179384203e-01
467; 45; 48; 2.1337915215150693e-01; 6.3742825870252751e-01; 7.3917235169736406e-01; 1.9708749832287698e-01; 5.7819793218981519e-01; 6.8887065049101392e-01
468; 45; 49; -1.6782471255549189e-01; 7.7284747784775165e-01; 5.1141630520968284e-01; 8.8224140718271921e-02; 9.9455603610949295e-01; 8.5948627925244636e-01
469; 46; 47; 7.3728474451527937e-01; 4.0053869758584848e-01; 7.2624865775325165e-01; 7.0266223138697947e-01; 7.4335679784636077e-01; 2.9994936928164978e-01
470; 46; 48; 8.0742871952156203e-01; 7.9838458899540177e-01; 7.2624865775325165e-01; 6.3434290240951718e-01; 3.1826724166303910e-01; 3.2967121875774141e-01
471; 47; 48; 8.8654373061074510e-01; 6.6838614778444128e-01; 5.8458542523719914e-01; 2.8701281826527419e-01; 2.7283789538696451e-01; 3.8221213537772553e-01
